200 0.000006354598469
205 0.000006800408660
210 0.000006106592168
215 0.000006299516523
220 0.000005594971412
225 0.000007250090228
230 0.000009740467564
235 0.000008564947353
240 0.000007441928540
245 0.000006872078161
250 0.000005967758684
255 0.000005041208746
260 0.000004576293783
265 0.000003982112726
270 0.000003156367956
275 0.000002624143035
280 0.000002350676718
285 0.000002120555903
290 0.000002122717835
295 0.000001686596716
300 0.000001550884152
305 0.000001622337444
310 0.000001905819355
315 0.000002211086699
320 0.000002881492225
325 0.000003468038577
330 0.000003887923377
335 0.000004002353774
340 0.000004068101126
345 0.000003941046207
350 0.000003729097921
355 0.000003481980348
360 0.000003113562620
365 0.000002839365302
370 0.000002487681643
375 0.000001868772901
380 0.000001532380750
385 0.000001332416714
390 0.000001226424179
395 0.000001171624188
400 0.000001198656931
405 0.000001149081446
410 0.000001121784481
415 0.000001079111938
420 0.000001288152230
425 0.000001449741988
430 0.000001609154168
435 0.000001607235892
440 0.000001530814488
445 0.000001483884686
450 0.000001174251178
455 0.000001026445192
460 0.000001041004938
465 0.000000907257849
470 0.000000890978704
475 0.000000872799912
480 0.000001096422575
485 0.000001151240758
490 0.000001081136031
495 0.000001087081264
500 0.000001045102909
505 0.000001093869271
510 0.000001045026822
515 0.000001069653064
520 0.000001132522214
525 0.000001194250261
530 0.000001100375319
535 0.000000993514222
540 0.000000909523672
545 0.000000856480653
550 0.000000777490525
555 0.000000683527716
560 0.000000710515947
565 0.000000682995066
570 0.000000673573352
575 0.000000672971179
580 0.000000743176211
585 0.000000870190116
590 0.000000992994868
595 0.000001112467054
600 0.000001151186211
605 0.000001115335078
610 0.000001052064274
615 0.000000899361976
620 0.000000831256486
625 0.000000745092816
630 0.000000699222192
635 0.000000684641863
640 0.000000687188175
645 0.000000750987418
650 0.000000757726432
655 0.000000772660157
660 0.000000822069004
665 0.000000829274115
670 0.000000754732304
675 0.000000697750301
680 0.000000660113357
685 0.000000651581337
690 0.000000605060475
695 0.000000622511484
700 0.000000591266739
705 0.000000595872009
710 0.000000575981298
715 0.000000616776102
720 0.000000596399873
725 0.000000562294628
730 0.000000566997330
735 0.000000505676415
740 0.000000522381457
745 0.000000525230020
750 0.000000485942311
755 0.000000470984968
760 0.000000428333178
765 0.000000409987602
770 0.000000412520180
775 0.000000378785203
780 0.000000357259256
785 0.000000348863751
790 0.000000321548390
795 0.000000337393382
800 0.000000328078123
805 0.000000325989710
810 0.000000312045771
815 0.000000310446082
820 0.000000339448778
825 0.000000357256808
830 0.000000339843336
835 0.000000359018218
840 0.000000350045992
845 0.000000337252066
850 0.000000346567544
855 0.000000327326526
860 0.000000302861065
865 0.000000288338278
870 0.000000274641877
875 0.000000265501201
880 0.000000250884677
885 0.000000262453643
890 0.000000272213692
895 0.000000277694163
900 0.000000267471838
905 0.000000274266463
910 0.000000281638437
915 0.000000270055111
920 0.000000272835450
925 0.000000285068343
930 0.000000289338651
935 0.000000285943787
940 0.000000292633583
945 0.000000278713850
950 0.000000304941575
955 0.000000294344176
960 0.000000289751466
965 0.000000298366219
970 0.000000281025492
975 0.000000272339368
980 0.000000263484206
985 0.000000227338251
990 0.000000215519274
995 0.000000195331934
1000 0.000000191039665
1000 0.000000191039665
1010 0.000000163001061
1020 0.000000140555287
1030 0.000000138478227
1040 0.000000123960316
1050 0.000000129276795
1060 0.000000141928481
1070 0.000000150619939
1080 0.000000167374961
1090 0.000000179371250
1100 0.000000191489295
1110 0.000000196569603
1120 0.000000203965724
1130 0.000000208662937
1140 0.000000201927381
1150 0.000000187558121
1160 0.000000173225144
1170 0.000000161937571
1180 0.000000159745490
1190 0.000000156051176
1200 0.000000143652866
1210 0.000000144550655
1220 0.000000145749584
1230 0.000000149146793
1240 0.000000147329477
1250 0.000000146257813
1260 0.000000151855918
1270 0.000000158368931
1280 0.000000157159062
1290 0.000000150885384
1300 0.000000150607462
1310 0.000000146861671
1320 0.000000148293225
1330 0.000000147638128
1340 0.000000144143378
1350 0.000000139611424
1360 0.000000134125003
1370 0.000000133029747
1380 0.000000126023150
1390 0.000000123971895
1400 0.000000124664900
1410 0.000000130441664
1420 0.000000135469128
1430 0.000000139102487
1440 0.000000144667581
1450 0.000000148296850
1460 0.000000147130607
1470 0.000000144119365
1480 0.000000139339523
1490 0.000000135959806
1500 0.000000130872763
1510 0.000000121468569
1520 0.000000116484226
1530 0.000000109178363
1540 0.000000104072324
1550 0.000000097861183
1560 0.000000091696400
1570 0.000000085199785
1580 0.000000079550904
1590 0.000000074018648
1600 0.000000069880789
1610 0.000000066641206
1620 0.000000062722200
1630 0.000000059728099
1640 0.000000058029693
1650 0.000000057816544
1660 0.000000056211904
1670 0.000000055492872
1680 0.000000055251926
1690 0.000000053978747
1700 0.000000052295236
1710 0.000000052411967
1720 0.000000051700869
1730 0.000000051542786
1740 0.000000051761109
1750 0.000000052311015
1760 0.000000052107984
1770 0.000000052664082
1780 0.000000052872086
1790 0.000000053738247
1800 0.000000055490938
1810 0.000000056197068
1820 0.000000058239622
1830 0.000000059815349
1840 0.000000061028230
1850 0.000000061877920
1860 0.000000062725605
1870 0.000000063722047
1880 0.000000063138805
1890 0.000000063672507
1900 0.000000064019076
1910 0.000000063897304
1920 0.000000064606907
1930 0.000000064561711
1940 0.000000065244530
1950 0.000000063916446
1960 0.000000063759623
1970 0.000000063177654
1980 0.000000061653354
1990 0.000000060041591
2000 0.000000058727174
2000 0.000000058727174
2020 0.000000055846133
2040 0.000000053145187
2060 0.000000051002480
2080 0.000000048762016
2100 0.000000046202358
2120 0.000000044354554
2140 0.000000043582893
2160 0.000000044086058
2180 0.000000045502724
2200 0.000000047427381
2220 0.000000048229881
2240 0.000000048120012
2260 0.000000047142274
2280 0.000000044378878
2300 0.000000041280773
2320 0.000000037697909
2340 0.000000034846319
2360 0.000000032510819
2380 0.000000030910581
2400 0.000000030695053
2420 0.000000030625093
2440 0.000000032130892
2460 0.000000032556715
2480 0.000000034069762
2500 0.000000035623241
2520 0.000000036615593
2540 0.000000037744867
2560 0.000000038853817
2580 0.000000039695999
2600 0.000000040347594
2620 0.000000040245019
2640 0.000000040301865
2660 0.000000039795546
2680 0.000000039449837
2700 0.000000039085987
2720 0.000000038399096
2740 0.000000037628248
2760 0.000000036858671
2780 0.000000035595558
2800 0.000000034442623
2820 0.000000032883065
2840 0.000000031693249
2860 0.000000030217809
2880 0.000000028741764
2900 0.000000027450174
2920 0.000000025540618
2940 0.000000024477406
2960 0.000000023143926
2980 0.000000022010932
3000 0.000000021180224
3020 0.000000020605847
3040 0.000000020090336
3060 0.000000019737894
3080 0.000000019616181
3100 0.000000019434000
3120 0.000000019420869
3140 0.000000019716564
3160 0.000000019795694
3180 0.000000020264686
3200 0.000000020666928
3220 0.000000020922455
3240 0.000000021258917
3260 0.000000021447186
3280 0.000000021722245
3300 0.000000021917567
3320 0.000000021902242
3340 0.000000021804673
3360 0.000000021782228
3380 0.000000021637716
3400 0.000000021391892
3420 0.000000021222282
3440 0.000000020842259
3460 0.000000020371032
3480 0.000000019944166
3500 0.000000019377325
3520 0.000000018699289
3540 0.000000018141075
3560 0.000000017535716
3580 0.000000016775538
3600 0.000000016186364
3620 0.000000015531287
3640 0.000000014771661
3660 0.000000014127646
3680 0.000000013545576
3700 0.000000012943367
3720 0.000000012597610
3740 0.000000012043784
3760 0.000000011848977
3780 0.000000011390341
3800 0.000000011041284
3820 0.000000010784378
3840 0.000000010669334
3860 0.000000010421972
3880 0.000000010359793
3900 0.000000010119549
3920 0.000000010008748
3940 0.000000009902138
3960 0.000000009772292
3980 0.000000009678986
4000 0.000000009651960
4020 0.000000009561324
4040 0.000000009447150
4060 0.000000009369648
4080 0.000000009270535
4100 0.000000009314151
4120 0.000000009243238
4140 0.000000009124652
4160 0.000000009149763
4180 0.000000008980983
4200 0.000000008984005
4220 0.000000008887608
4240 0.000000008887765
4260 0.000000008955179
4280 0.000000008759042
4300 0.000000008868366
4320 0.000000008839692
4340 0.000000008770783
4360 0.000000008801366
4380 0.000000008818809
4400 0.000000008776651
4420 0.000000008651323
4440 0.000000008615339
4460 0.000000008699501
4480 0.000000008566259
4500 0.000000008571991
4520 0.000000008699009
4540 0.000000008606066
4560 0.000000008599909
4580 0.000000008582806
4600 0.000000008496557
4620 0.000000008590534
4640 0.000000008546427
4660 0.000000008533171
4680 0.000000008522301
4700 0.000000008485861
4720 0.000000008425145
4740 0.000000008448776
4760 0.000000008428298
4780 0.000000008506050
4800 0.000000008461060
4820 0.000000008559711
4840 0.000000008498068
4860 0.000000008472556
4880 0.000000008510909
4900 0.000000008423567
4920 0.000000008338015
4940 0.000000008392217
4960 0.000000008437859
4980 0.000000008396103
5000 0.000000008278484
5020 0.000000008377360
5040 0.000000008318051
5060 0.000000008313557
5080 0.000000008420341
5100 0.000000008335267
5120 0.000000008336770
5140 0.000000008369688
5160 0.000000008357753
5180 0.000000008368089
5200 0.000000008330761
5220 0.000000008366988
5240 0.000000008374146
5260 0.000000008367863
5280 0.000000008217752
5300 0.000000008262190
5320 0.000000008279759
5340 0.000000008325601
5360 0.000000008210219
5380 0.000000008257982
5400 0.000000008354737
5420 0.000000008362890
5440 0.000000008263488
5460 0.000000008370877
5480 0.000000008306069
5500 0.000000008365461
