285 0.000002533473917
290 0.000002170826387
295 0.000001877080991
300 0.000001759808621
305 0.000001811997456
310 0.000002094262564
315 0.000002510359165
320 0.000003288756996
325 0.000003830278749
330 0.000004369505001
335 0.000004553233308
340 0.000004477782716
345 0.000004575574915
350 0.000004571126127
355 0.000004377603766
360 0.000004163159206
365 0.000003876666450
370 0.000003438013683
375 0.000002888213747
380 0.000002478116229
385 0.000002188052202
390 0.000002044606127
395 0.000001849975537
400 0.000001718118611
405 0.000001590062202
410 0.000001442208600
415 0.000001375050108
420 0.000001338858766
425 0.000001382703600
430 0.000001469156373
435 0.000001462327498
440 0.000001314718576
445 0.000001234358280
450 0.000001146298864
455 0.000001099198668
460 0.000001009822182
465 0.000000958656289
470 0.000000914144416
475 0.000000877039393
480 0.000000940352600
485 0.000001014860125
490 0.000001047684900
495 0.000001101493121
500 0.000001098074711
505 0.000001082653079
510 0.000001143712470
515 0.000001145357205
520 0.000001107370748
525 0.000001099780087
530 0.000001007338206
535 0.000000913845365
540 0.000000895351023
545 0.000000871031494
550 0.000000863723738
555 0.000000849535717
560 0.000000864288566
565 0.000000899623172
570 0.000000948336730
575 0.000001035426383
580 0.000001094024069
585 0.000001171668346
590 0.000001260377211
595 0.000001332608022
600 0.000001340336956
605 0.000001387265265
610 0.000001385825754
615 0.000001252739473
620 0.000001214865765
625 0.000001123300732
630 0.000001092923758
635 0.000001116751474
640 0.000001067727840
645 0.000001083178139
650 0.000001075069389
655 0.000000990431611
660 0.000000967540271
665 0.000000924758236
670 0.000000907984445
675 0.000000905034806
680 0.000000844119925
685 0.000000842770460
690 0.000000783660826
695 0.000000800843670
700 0.000000820185044
705 0.000000805808502
710 0.000000783297645
715 0.000000765547476
720 0.000000720931151
725 0.000000683476422
730 0.000000639520201
735 0.000000633193765
740 0.000000583225416
745 0.000000549763152
750 0.000000558485461
755 0.000000544706540
760 0.000000499033438
765 0.000000478662224
770 0.000000452200691
775 0.000000416281397
780 0.000000392339512
785 0.000000363592073
790 0.000000362637510
795 0.000000355791335
800 0.000000348661411
805 0.000000355796664
810 0.000000363795436
815 0.000000371810324
820 0.000000385923146
825 0.000000393952609
830 0.000000379857952
835 0.000000375256909
840 0.000000382203300
845 0.000000355714845
850 0.000000341098821
855 0.000000306117393
860 0.000000293280801
865 0.000000285322718
870 0.000000270118088
875 0.000000268877915
880 0.000000255906850
885 0.000000263939885
890 0.000000256242246
895 0.000000246417359
900 0.000000234470056
905 0.000000237211250
910 0.000000229993962
915 0.000000229195089
920 0.000000230271055
925 0.000000230127923
930 0.000000228404943
935 0.000000227596562
940 0.000000224943397
945 0.000000239472718
950 0.000000229335456
955 0.000000231280948
960 0.000000221542026
965 0.000000213426112
970 0.000000215925327
975 0.000000211945747
980 0.000000216580396
985 0.000000212296632
990 0.000000204447617
995 0.000000197437292
1000 0.000000197196971
1000 0.000000197196971
1010 0.000000176267677
1020 0.000000165842746
1030 0.000000157997973
1040 0.000000167501251
1050 0.000000176921449
1060 0.000000181961238
1070 0.000000192985657
1080 0.000000197469991
1090 0.000000198737659
1100 0.000000212102836
1110 0.000000230041594
1120 0.000000231423304
1130 0.000000225583886
1140 0.000000221997354
1150 0.000000213890269
1160 0.000000198503993
1170 0.000000189004945
1180 0.000000182167135
1190 0.000000175420783
1200 0.000000177574408
1210 0.000000186917669
1220 0.000000181665467
1230 0.000000180704082
1240 0.000000182158154
1250 0.000000181157541
1260 0.000000177729463
1270 0.000000177127555
1280 0.000000178040959
1290 0.000000177074378
1300 0.000000173028408
1310 0.000000168517671
1320 0.000000160543608
1330 0.000000160041204
1340 0.000000156864633
1350 0.000000150330689
1360 0.000000153416874
1370 0.000000149477382
1380 0.000000151141538
1390 0.000000147615575
1400 0.000000149382090
1410 0.000000149717067
1420 0.000000155480452
1430 0.000000157607528
1440 0.000000156710926
1450 0.000000158043376
1460 0.000000154646584
1470 0.000000153638677
1480 0.000000150560781
1490 0.000000145805924
1500 0.000000144559049
1510 0.000000139584014
1520 0.000000134973386
1530 0.000000129830526
1540 0.000000122161670
1550 0.000000115434245
1560 0.000000108632052
1570 0.000000102265269
1580 0.000000095950291
1590 0.000000094882533
1600 0.000000088753690
1610 0.000000084628219
1620 0.000000079718616
1630 0.000000076966658
1640 0.000000073178134
1650 0.000000072003127
1660 0.000000069956745
1670 0.000000068983400
1680 0.000000065817238
1690 0.000000065537854
1700 0.000000063976455
1710 0.000000065248762
1720 0.000000063757787
1730 0.000000064565976
1740 0.000000065288850
1750 0.000000065361452
1760 0.000000066213592
1770 0.000000065725101
1780 0.000000066222224
1790 0.000000068157842
1800 0.000000069522887
1810 0.000000069221274
1820 0.000000070826806
1830 0.000000070921691
1840 0.000000072938231
1850 0.000000073781909
1860 0.000000074053186
1870 0.000000074933248
1880 0.000000075326989
1890 0.000000075197486
1900 0.000000075294798
1910 0.000000074785438
1920 0.000000075337834
1930 0.000000075072092
1940 0.000000075511906
1950 0.000000074197688
1960 0.000000073845619
1970 0.000000072977639
1980 0.000000071379202
1990 0.000000071029617
2000 0.000000069707499
2000 0.000000069707499
2020 0.000000066420768
2040 0.000000063630544
2060 0.000000061648651
2080 0.000000059333042
2100 0.000000057361318
2120 0.000000055266225
2140 0.000000054292804
2160 0.000000054138584
2180 0.000000053792136
2200 0.000000054348352
2220 0.000000053681860
2240 0.000000053853502
2260 0.000000053264830
2280 0.000000051350501
2300 0.000000049034001
2320 0.000000046736001
2340 0.000000044019717
2360 0.000000042517935
2380 0.000000040899550
2400 0.000000040311145
2420 0.000000040159562
2440 0.000000040783578
2460 0.000000041118328
2480 0.000000042294777
2500 0.000000042723003
2520 0.000000043380567
2540 0.000000044214413
2560 0.000000044455958
2580 0.000000044614447
2600 0.000000044852124
2620 0.000000044561656
2640 0.000000044513525
2660 0.000000043881995
2680 0.000000043452394
2700 0.000000042726824
2720 0.000000041861524
2740 0.000000040949786
2760 0.000000040045070
2780 0.000000038857256
2800 0.000000037532087
2820 0.000000036441982
2840 0.000000034992445
2860 0.000000033659082
2880 0.000000032454017
2900 0.000000031076981
2920 0.000000029741111
2940 0.000000028621034
2960 0.000000027408386
2980 0.000000026649578
3000 0.000000025490795
3020 0.000000024743368
3040 0.000000024078383
3060 0.000000023643135
3080 0.000000023300189
3100 0.000000023046566
3120 0.000000022980788
3140 0.000000022939046
3160 0.000000022819380
3180 0.000000022948161
3200 0.000000023175980
3220 0.000000022953922
3240 0.000000023022954
3260 0.000000023200579
3280 0.000000023033217
3300 0.000000023027122
3320 0.000000022775018
3340 0.000000022620072
3360 0.000000022478378
3380 0.000000022280793
3400 0.000000021938879
3420 0.000000021675417
3440 0.000000021354889
3460 0.000000020901804
3480 0.000000020383347
3500 0.000000020078994
3520 0.000000019477225
3540 0.000000018867778
3560 0.000000018353719
3580 0.000000017845328
3600 0.000000017270192
3620 0.000000016733690
3640 0.000000016064930
3660 0.000000015636210
3680 0.000000014984983
3700 0.000000014587050
3720 0.000000014025143
3740 0.000000013454528
3760 0.000000013145411
3780 0.000000012882775
3800 0.000000012441062
3820 0.000000011992440
3840 0.000000011893463
3860 0.000000011720151
3880 0.000000011253597
3900 0.000000011102712
3920 0.000000010906130
3940 0.000000010793385
3960 0.000000010592778
3980 0.000000010540945
4000 0.000000010407745
4020 0.000000010349274
4040 0.000000010084583
4060 0.000000010014777
4080 0.000000009949373
4100 0.000000009863717
4120 0.000000009812909
4140 0.000000009611034
4160 0.000000009624416
4180 0.000000009534552
4200 0.000000009426702
4220 0.000000009426368
4240 0.000000009368174
4260 0.000000009286774
4280 0.000000009272324
4300 0.000000009246670
4320 0.000000009127000
4340 0.000000009162334
4360 0.000000009111027
4380 0.000000009128539
4400 0.000000009012252
4420 0.000000009084248
4440 0.000000008933311
4460 0.000000008917282
4480 0.000000008971755
4500 0.000000008947589
4520 0.000000008890930
4540 0.000000008849983
4560 0.000000008823819
4580 0.000000008868369
4600 0.000000008812648
4620 0.000000008746634
4640 0.000000008753490
4660 0.000000008700744
4680 0.000000008673129
4700 0.000000008711288
4720 0.000000008807655
4740 0.000000008647957
4760 0.000000008620868
4780 0.000000008657195
4800 0.000000008617722
4820 0.000000008639293
4840 0.000000008730727
4860 0.000000008567431
4880 0.000000008635858
4900 0.000000008476874
4920 0.000000008584645
4940 0.000000008517957
4960 0.000000008622242
4980 0.000000008527212
5000 0.000000008506067
5020 0.000000008574276
5040 0.000000008485410
5060 0.000000008593533
5080 0.000000008535733
5100 0.000000008658195
5120 0.000000008484987
5140 0.000000008561978
5160 0.000000008523886
5180 0.000000008496024
5200 0.000000008474077
5220 0.000000008419814
5240 0.000000008533946
5260 0.000000008445961
5280 0.000000008405595
5300 0.000000008493604
5320 0.000000008488978
5340 0.000000008402605
5360 0.000000008437858
5380 0.000000008483058
5400 0.000000008473462
5420 0.000000008440810
5440 0.000000008374863
5460 0.000000008303422
5480 0.000000008461631
5500 0.000000008475193
