235 0.000009289635754
240 0.000008821975036
245 0.000008164285899
250 0.000007223714261
255 0.000006384320651
260 0.000005736673406
265 0.000004462683322
270 0.000003688688600
275 0.000002643340081
280 0.000002215244002
285 0.000002075252236
290 0.000001908624585
295 0.000001702812489
300 0.000001593564393
305 0.000001658042548
310 0.000001839954888
315 0.000001982621512
320 0.000002923200001
325 0.000003616019185
330 0.000004219039325
335 0.000004179018067
340 0.000004020116230
345 0.000004182267935
350 0.000004437167713
355 0.000004221059176
360 0.000003697993898
365 0.000003248214178
370 0.000002642597872
375 0.000001951668104
380 0.000001654237790
385 0.000001543775071
390 0.000001369290607
395 0.000001282145225
400 0.000001265792198
405 0.000001183349485
410 0.000001192628602
415 0.000001245750752
420 0.000001242820395
425 0.000001194104817
430 0.000001342402210
435 0.000001492759833
440 0.000001461719741
445 0.000001434532907
450 0.000001283715212
455 0.000001052367313
460 0.000001004716056
465 0.000000950852241
470 0.000000898950573
475 0.000000969751711
480 0.000000976892808
485 0.000001019944827
490 0.000001034326313
495 0.000001062434491
500 0.000001173345568
505 0.000001114531671
510 0.000001149642590
515 0.000001151257535
520 0.000001098085902
525 0.000001057865011
530 0.000000910018096
535 0.000000868571889
540 0.000000885777778
545 0.000000819434782
550 0.000000834636491
555 0.000000757117831
560 0.000000764053441
565 0.000000719391507
570 0.000000775118368
575 0.000000832186934
580 0.000000913686517
585 0.000001022553700
590 0.000001119958954
595 0.000001209665933
600 0.000001192597276
605 0.000001182422602
610 0.000001039645705
615 0.000001005767987
620 0.000000911461825
625 0.000000843324750
630 0.000000803968195
635 0.000000775326792
640 0.000000769341268
645 0.000000813537790
650 0.000000791368904
655 0.000000753855752
660 0.000000752700739
665 0.000000731771651
670 0.000000755323940
675 0.000000713625217
680 0.000000729501507
685 0.000000710506797
690 0.000000714453281
695 0.000000692935457
700 0.000000708825670
705 0.000000683878107
710 0.000000674785172
715 0.000000671418162
720 0.000000626196832
725 0.000000606151674
730 0.000000521854424
735 0.000000509203062
740 0.000000476557677
745 0.000000497690515
750 0.000000497881342
755 0.000000484846151
760 0.000000459995963
765 0.000000439565954
770 0.000000407977148
775 0.000000412652836
780 0.000000398940309
785 0.000000387362950
790 0.000000357148929
795 0.000000323826924
800 0.000000327261355
805 0.000000318866200
810 0.000000349365904
815 0.000000354462039
820 0.000000367290849
825 0.000000378162223
830 0.000000376930322
835 0.000000368075155
840 0.000000352126510
845 0.000000335598663
850 0.000000299973950
855 0.000000299215541
860 0.000000269354087
865 0.000000257175289
870 0.000000247790316
875 0.000000252152295
880 0.000000246044806
885 0.000000251024009
890 0.000000251278114
895 0.000000238558147
900 0.000000235147033
905 0.000000250097242
910 0.000000238811797
915 0.000000237408685
920 0.000000243944424
925 0.000000264718965
930 0.000000285220925
935 0.000000286323929
940 0.000000288914881
945 0.000000288472806
950 0.000000298799055
955 0.000000301250807
960 0.000000294530473
965 0.000000287175663
970 0.000000279704971
975 0.000000272585358
980 0.000000259001542
985 0.000000247516473
990 0.000000234591625
995 0.000000214560157
1000 0.000000200662546
1000 0.000000200662546
1010 0.000000176189821
1020 0.000000158678829
1030 0.000000139463476
1040 0.000000140370441
1050 0.000000137797954
1060 0.000000149951089
1070 0.000000167095640
1080 0.000000172635201
1090 0.000000184521248
1100 0.000000194000787
1110 0.000000204647599
1120 0.000000208501852
1130 0.000000216934868
1140 0.000000206970867
1150 0.000000197164565
1160 0.000000187736228
1170 0.000000169676248
1180 0.000000164816688
1190 0.000000160313370
1200 0.000000157700893
1210 0.000000159051762
1220 0.000000156550537
1230 0.000000158934611
1240 0.000000163815066
1250 0.000000158530708
1260 0.000000151962713
1270 0.000000154760627
1280 0.000000153544777
1290 0.000000149460699
1300 0.000000152500984
1310 0.000000148273906
1320 0.000000152961678
1330 0.000000155231968
1340 0.000000150843700
1350 0.000000144783904
1360 0.000000140194023
1370 0.000000141013428
1380 0.000000138472633
1390 0.000000139236833
1400 0.000000141052747
1410 0.000000146428693
1420 0.000000150311680
1430 0.000000151526396
1440 0.000000153591932
1450 0.000000155781153
1460 0.000000149700144
1470 0.000000146456713
1480 0.000000142884994
1490 0.000000136041703
1500 0.000000132462200
1510 0.000000126717844
1520 0.000000120056016
1530 0.000000114442936
1540 0.000000109130955
1550 0.000000101798825
1560 0.000000095311429
1570 0.000000090522458
1580 0.000000086180292
1590 0.000000079650442
1600 0.000000074417962
1610 0.000000071326325
1620 0.000000067977127
1630 0.000000065777256
1640 0.000000064102997
1650 0.000000062913084
1660 0.000000059863493
1670 0.000000058582101
1680 0.000000058114985
1690 0.000000056851529
1700 0.000000055538451
1710 0.000000055030976
1720 0.000000055736950
1730 0.000000055724624
1740 0.000000055642443
1750 0.000000055759276
1760 0.000000055342139
1770 0.000000056081715
1780 0.000000056050365
1790 0.000000056977188
1800 0.000000059079525
1810 0.000000060529564
1820 0.000000060514679
1830 0.000000063391844
1840 0.000000064683529
1850 0.000000064858339
1860 0.000000066122292
1870 0.000000066884670
1880 0.000000066298360
1890 0.000000067252397
1900 0.000000066773306
1910 0.000000067200197
1920 0.000000068094088
1930 0.000000068169101
1940 0.000000067255776
1950 0.000000067707621
1960 0.000000067345305
1970 0.000000065642545
1980 0.000000064236395
1990 0.000000062720920
2000 0.000000061881377
2000 0.000000061881377
2020 0.000000058884008
2040 0.000000056864445
2060 0.000000053689178
2080 0.000000052029653
2100 0.000000049447391
2120 0.000000047185504
2140 0.000000046874082
2160 0.000000047446631
2180 0.000000048432663
2200 0.000000049412876
2220 0.000000049744215
2240 0.000000050121740
2260 0.000000048763854
2280 0.000000046332086
2300 0.000000043334726
2320 0.000000040511800
2340 0.000000037756228
2360 0.000000035460973
2380 0.000000033859512
2400 0.000000033382843
2420 0.000000033697289
2440 0.000000034074260
2460 0.000000035022207
2480 0.000000036327456
2500 0.000000037479117
2520 0.000000038660757
2540 0.000000039521516
2560 0.000000040604499
2580 0.000000041161979
2600 0.000000041394434
2620 0.000000041808379
2640 0.000000041496360
2660 0.000000041476118
2680 0.000000040853078
2700 0.000000040248638
2720 0.000000039542476
2740 0.000000038721040
2760 0.000000037629703
2780 0.000000036402546
2800 0.000000035308427
2820 0.000000034208356
2840 0.000000032790022
2860 0.000000031201781
2880 0.000000029960236
2900 0.000000028439841
2920 0.000000027092676
2940 0.000000025888219
2960 0.000000024444139
2980 0.000000023326310
3000 0.000000022793459
3020 0.000000021866167
3040 0.000000021214607
3060 0.000000020943956
3080 0.000000020696747
3100 0.000000020666991
3120 0.000000020551954
3140 0.000000020531305
3160 0.000000020897690
3180 0.000000021052341
3200 0.000000021244362
3220 0.000000021561623
3240 0.000000021829571
3260 0.000000022059405
3280 0.000000022185809
3300 0.000000022254897
3320 0.000000022226114
3340 0.000000022199479
3360 0.000000021931044
3380 0.000000021835227
3400 0.000000021576790
3420 0.000000021234667
3440 0.000000020964199
3460 0.000000020513655
3480 0.000000020113283
3500 0.000000019476064
3520 0.000000019049148
3540 0.000000018426753
3560 0.000000017873973
3580 0.000000017179908
3600 0.000000016365991
3620 0.000000015921685
3640 0.000000015190889
3660 0.000000014574568
3680 0.000000013967584
3700 0.000000013535060
3720 0.000000012918120
3740 0.000000012626536
3760 0.000000012124643
3780 0.000000011821547
3800 0.000000011591656
3820 0.000000011270255
3840 0.000000011070323
3860 0.000000010770813
3880 0.000000010653155
3900 0.000000010424547
3920 0.000000010266084
3940 0.000000010126475
3960 0.000000010001024
3980 0.000000009990170
4000 0.000000009784503
4020 0.000000009596834
4040 0.000000009696477
4060 0.000000009550256
4080 0.000000009539217
4100 0.000000009411938
4120 0.000000009255960
4140 0.000000009305474
4160 0.000000009254685
4180 0.000000009186022
4200 0.000000009133037
4220 0.000000009131939
4240 0.000000009063260
4260 0.000000008966711
4280 0.000000008979178
4300 0.000000008870633
4320 0.000000008854833
4340 0.000000008916900
4360 0.000000008811141
4380 0.000000008815713
4400 0.000000008845230
4420 0.000000008720615
4440 0.000000008789596
4460 0.000000008836431
4480 0.000000008761154
4500 0.000000008721573
4520 0.000000008697301
4540 0.000000008660090
4560 0.000000008597954
4580 0.000000008576432
4600 0.000000008650868
4620 0.000000008612710
4640 0.000000008505543
4660 0.000000008554231
4680 0.000000008611476
4700 0.000000008570979
4720 0.000000008591536
4740 0.000000008510789
4760 0.000000008451204
4780 0.000000008649456
4800 0.000000008449894
4820 0.000000008409963
4840 0.000000008522195
4860 0.000000008461495
4880 0.000000008465939
4900 0.000000008535407
4920 0.000000008490872
4940 0.000000008431076
4960 0.000000008455958
4980 0.000000008348872
5000 0.000000008429415
5020 0.000000008542377
5040 0.000000008363519
5060 0.000000008377035
5080 0.000000008298839
5100 0.000000008416637
5120 0.000000008415188
5140 0.000000008347140
5160 0.000000008358050
5180 0.000000008354038
5200 0.000000008360143
5220 0.000000008365677
5240 0.000000008365763
5260 0.000000008330196
5280 0.000000008328448
5300 0.000000008376498
5320 0.000000008328003
5340 0.000000008273786
5360 0.000000008358203
5380 0.000000008324119
5400 0.000000008332404
5420 0.000000008300480
5440 0.000000008463065
5460 0.000000008172782
5480 0.000000008316652
5500 0.000000008375365
