200 0.000004676075727
205 0.000004933804290
210 0.000004355374017
215 0.000005451776916
220 0.000004526239084
225 0.000005486867851
230 0.000007656987719
235 0.000005054592452
240 0.000004330705539
245 0.000004362757782
250 0.000003910739410
255 0.000004041273194
260 0.000004137508402
265 0.000003667819590
270 0.000003057986954
275 0.000002473308447
280 0.000002453741708
285 0.000002482258128
290 0.000002515476553
295 0.000002324631516
300 0.000001731576473
305 0.000001812689374
310 0.000001864782988
315 0.000002244310005
320 0.000002710588211
325 0.000003383511991
330 0.000002843417938
335 0.000002429193554
340 0.000002200871365
345 0.000002754124890
350 0.000003047944639
355 0.000002572278019
360 0.000002891606601
365 0.000002292477530
370 0.000001864786087
375 0.000001545261993
380 0.000001135750080
385 0.000001173681897
390 0.000001371539301
395 0.000001337676472
400 0.000001269553682
405 0.000001428607856
410 0.000001249605966
415 0.000001027176300
420 0.000001139106313
425 0.000001577135460
430 0.000001796280377
435 0.000001767597254
440 0.000001815613093
445 0.000001617927838
450 0.000001155764610
455 0.000001045282408
460 0.000000913468758
465 0.000000814732815
470 0.000000769494020
475 0.000000869533188
480 0.000000864119861
485 0.000001096327802
490 0.000001175957722
495 0.000001215957633
500 0.000001134894134
505 0.000001031456890
510 0.000001112199916
515 0.000001302401348
520 0.000001201704549
525 0.000001233259239
530 0.000001016873704
535 0.000000873859302
540 0.000000859553540
545 0.000000673512140
550 0.000000567344648
555 0.000000581668402
560 0.000000592164248
565 0.000000529176690
570 0.000000523763716
575 0.000000565795150
580 0.000000602045197
585 0.000000719784118
590 0.000001019484931
595 0.000001210645770
600 0.000001221403685
605 0.000001131547239
610 0.000000954728147
615 0.000000752017817
620 0.000000685332158
625 0.000000618485395
630 0.000000546786318
635 0.000000549707257
640 0.000000536815953
645 0.000000515189961
650 0.000000523767691
655 0.000000579806970
660 0.000000615490621
665 0.000000680812936
670 0.000000671947432
675 0.000000681215122
680 0.000000631233287
685 0.000000638987628
690 0.000000694545008
695 0.000000637825237
700 0.000000678430213
705 0.000000680720050
710 0.000000759725972
715 0.000000672515729
720 0.000000584933141
725 0.000000565473242
730 0.000000511971719
735 0.000000509753014
740 0.000000416590710
745 0.000000368146455
750 0.000000344625397
755 0.000000346409367
760 0.000000304441990
765 0.000000332878835
770 0.000000325164083
775 0.000000285941904
780 0.000000288042595
785 0.000000285944634
790 0.000000283812977
795 0.000000298358070
800 0.000000271648922
805 0.000000317505532
810 0.000000327823225
815 0.000000401069464
820 0.000000453067731
825 0.000000458845767
830 0.000000508640111
835 0.000000497366577
840 0.000000542752968
845 0.000000512679299
850 0.000000503566322
855 0.000000470947964
860 0.000000407426604
865 0.000000362455392
870 0.000000332977675
875 0.000000271850068
880 0.000000257876643
885 0.000000239767958
890 0.000000233942368
895 0.000000218526789
900 0.000000189302253
905 0.000000177168825
910 0.000000179589274
915 0.000000179031502
920 0.000000180850470
925 0.000000192986473
930 0.000000206407728
935 0.000000220730048
940 0.000000214752012
945 0.000000230008717
950 0.000000239828017
955 0.000000244870302
960 0.000000242736747
965 0.000000241272099
970 0.000000246609179
975 0.000000254735577
980 0.000000237641073
985 0.000000233014920
990 0.000000218056307
995 0.000000205736434
1000 0.000000185300998
1000 0.000000185300998
1010 0.000000150187292
1020 0.000000118134352
1030 0.000000108373537
1040 0.000000103037751
1050 0.000000107089936
1060 0.000000115228188
1070 0.000000135195417
1080 0.000000143040923
1090 0.000000151242529
1100 0.000000157774019
1110 0.000000177928615
1120 0.000000179540452
1130 0.000000188338287
1140 0.000000188471192
1150 0.000000173252207
1160 0.000000154269462
1170 0.000000143493335
1180 0.000000138352935
1190 0.000000137592515
1200 0.000000130422718
1210 0.000000130536653
1220 0.000000129905756
1230 0.000000130902618
1240 0.000000130664588
1250 0.000000129433441
1260 0.000000124868603
1270 0.000000127467447
1280 0.000000123536037
1290 0.000000121037841
1300 0.000000124200906
1310 0.000000122933590
1320 0.000000122336104
1330 0.000000116656638
1340 0.000000112776053
1350 0.000000110451556
1360 0.000000109110877
1370 0.000000106642389
1380 0.000000102532829
1390 0.000000101443918
1400 0.000000107247548
1410 0.000000108861653
1420 0.000000115210717
1430 0.000000117800335
1440 0.000000121964263
1450 0.000000124546067
1460 0.000000127157724
1470 0.000000125468419
1480 0.000000122446612
1490 0.000000116367178
1500 0.000000109541990
1510 0.000000101623026
1520 0.000000095706640
1530 0.000000089409492
1540 0.000000084571405
1550 0.000000079965204
1560 0.000000077290850
1570 0.000000071871787
1580 0.000000068317944
1590 0.000000063423776
1600 0.000000059966617
1610 0.000000055332334
1620 0.000000051898824
1630 0.000000049776769
1640 0.000000048620654
1650 0.000000047132872
1660 0.000000047019477
1670 0.000000046915831
1680 0.000000045873386
1690 0.000000045994670
1700 0.000000045192289
1710 0.000000045082594
1720 0.000000044193296
1730 0.000000044214684
1740 0.000000043712197
1750 0.000000043733236
1760 0.000000042944038
1770 0.000000042532442
1780 0.000000043496218
1790 0.000000043894091
1800 0.000000045261238
1810 0.000000046776636
1820 0.000000048537142
1830 0.000000049729819
1840 0.000000052173390
1850 0.000000053264353
1860 0.000000054139259
1870 0.000000054232458
1880 0.000000054571183
1890 0.000000054205457
1900 0.000000054335604
1910 0.000000054627153
1920 0.000000054927726
1930 0.000000055658095
1940 0.000000056043749
1950 0.000000055746041
1960 0.000000055631513
1970 0.000000053621677
1980 0.000000052533710
1990 0.000000050425537
2000 0.000000049626453
2000 0.000000049626453
2020 0.000000047265276
2040 0.000000045489388
2060 0.000000043620667
2080 0.000000041698984
2100 0.000000039117417
2120 0.000000036783697
2140 0.000000035200245
2160 0.000000036132339
2180 0.000000039626635
2200 0.000000042777026
2220 0.000000044308859
2240 0.000000044743048
2260 0.000000043237611
2280 0.000000040713114
2300 0.000000036920956
2320 0.000000032990414
2340 0.000000028761527
2360 0.000000026148713
2380 0.000000024783199
2400 0.000000024574149
2420 0.000000024598483
2440 0.000000025232184
2460 0.000000026610869
2480 0.000000028118841
2500 0.000000029984646
2520 0.000000031606684
2540 0.000000033085305
2560 0.000000034539242
2580 0.000000035492107
2600 0.000000036054181
2620 0.000000036113698
2640 0.000000036271669
2660 0.000000035749305
2680 0.000000035676746
2700 0.000000035462966
2720 0.000000035076228
2740 0.000000034614758
2760 0.000000033684284
2780 0.000000032658988
2800 0.000000031657481
2820 0.000000030255326
2840 0.000000028875452
2860 0.000000027320200
2880 0.000000025938968
2900 0.000000024268814
2920 0.000000022733104
2940 0.000000021343909
2960 0.000000019970053
2980 0.000000018926206
3000 0.000000017846696
3020 0.000000017514974
3040 0.000000017168363
3060 0.000000016890612
3080 0.000000016664168
3100 0.000000016566939
3120 0.000000016606011
3140 0.000000016850414
3160 0.000000017190661
3180 0.000000017525534
3200 0.000000018014943
3220 0.000000018602185
3240 0.000000019269505
3260 0.000000019829565
3280 0.000000020260892
3300 0.000000020875457
3320 0.000000021118428
3340 0.000000021280291
3360 0.000000021231000
3380 0.000000021157793
3400 0.000000020973094
3420 0.000000020803753
3440 0.000000020364477
3460 0.000000019962942
3480 0.000000019355937
3500 0.000000018795226
3520 0.000000018086442
3540 0.000000017442254
3560 0.000000016502512
3580 0.000000015703355
3600 0.000000014806281
3620 0.000000014084510
3640 0.000000013539163
3660 0.000000012789415
3680 0.000000012126057
3700 0.000000011553613
3720 0.000000011321899
3740 0.000000010965153
3760 0.000000010681573
3780 0.000000010317755
3800 0.000000010166898
3820 0.000000009932245
3840 0.000000009790052
3860 0.000000009699253
3880 0.000000009559941
3900 0.000000009524472
3920 0.000000009445053
3940 0.000000009345845
3960 0.000000009267453
3980 0.000000009194080
4000 0.000000009033524
4020 0.000000009034157
4040 0.000000009037853
4060 0.000000008932899
4080 0.000000008900862
4100 0.000000008939035
4120 0.000000008909001
4140 0.000000008772401
4160 0.000000008802752
4180 0.000000008834521
4200 0.000000008689288
4220 0.000000008714319
4240 0.000000008696343
4260 0.000000008764646
4280 0.000000008622523
4300 0.000000008563668
4320 0.000000008555161
4340 0.000000008581077
4360 0.000000008607034
4380 0.000000008592889
4400 0.000000008586406
4420 0.000000008537487
4440 0.000000008490098
4460 0.000000008547767
4480 0.000000008556495
4500 0.000000008425849
4520 0.000000008448533
4540 0.000000008358842
4560 0.000000008355148
4580 0.000000008393853
4600 0.000000008433520
4620 0.000000008363450
4640 0.000000008380127
4660 0.000000008463547
4680 0.000000008365145
4700 0.000000008382326
4720 0.000000008448876
4740 0.000000008313283
4760 0.000000008385731
4780 0.000000008342512
4800 0.000000008328551
4820 0.000000008264265
4840 0.000000008289527
4860 0.000000008344011
4880 0.000000008210969
4900 0.000000008263583
4920 0.000000008261717
4940 0.000000008244170
4960 0.000000008248324
4980 0.000000008236521
5000 0.000000008161804
5020 0.000000008278988
5040 0.000000008285728
5060 0.000000008285043
5080 0.000000008304865
5100 0.000000008329338
5120 0.000000008217396
5140 0.000000008319893
5160 0.000000008193512
5180 0.000000008294812
5200 0.000000008280082
5220 0.000000008342239
5240 0.000000008342239
5260 0.000000008310581
5280 0.000000008189219
5300 0.000000008325104
5320 0.000000008197453
5340 0.000000008184321
5360 0.000000008199853
5380 0.000000008245925
5400 0.000000008338565
5420 0.000000008254320
5440 0.000000008256994
5460 0.000000008254524
5480 0.000000008265823
5500 0.000000008318767
