200 0.000006188919599
205 0.000006131220326
210 0.000005155489811
215 0.000005233327736
220 0.000005148209838
225 0.000007145270552
230 0.000009561031960
235 0.000007588822000
240 0.000006070977574
245 0.000006308246107
250 0.000005444658498
255 0.000004467872516
260 0.000003774581310
265 0.000003653263881
270 0.000003495530422
275 0.000002481037999
280 0.000002341037984
285 0.000002466450588
290 0.000002075449324
295 0.000001700358610
300 0.000001646059175
305 0.000001714282300
310 0.000001922801242
315 0.000002237002684
320 0.000002992767162
325 0.000003565463411
330 0.000003696662211
335 0.000003929015399
340 0.000003368979647
345 0.000003601136209
350 0.000003308473955
355 0.000003051078435
360 0.000003079641494
365 0.000002597334019
370 0.000002277010570
375 0.000001716967886
380 0.000001419208374
385 0.000001283823506
390 0.000001227951630
395 0.000001164015043
400 0.000001095563896
405 0.000001033830012
410 0.000001131859508
415 0.000001313495137
420 0.000001338291979
425 0.000001391627094
430 0.000001600812737
435 0.000001763518415
440 0.000001545278763
445 0.000001376143726
450 0.000001201620010
455 0.000001071296299
460 0.000000892016885
465 0.000000977183031
470 0.000001179657017
475 0.000001015961401
480 0.000000934404225
485 0.000001001854113
490 0.000000997084212
495 0.000001077292549
500 0.000000991408380
505 0.000001135454481
510 0.000001176022310
515 0.000001248692494
520 0.000001235349479
525 0.000001253242227
530 0.000001154401866
535 0.000001025653216
540 0.000000885620267
545 0.000000748301924
550 0.000000673896702
555 0.000000665963123
560 0.000000618164784
565 0.000000588397323
570 0.000000637661940
575 0.000000663420603
580 0.000000743763183
585 0.000000786238737
590 0.000000961540197
595 0.000001056329918
600 0.000001054222595
605 0.000001052074271
610 0.000000966936548
615 0.000000849278936
620 0.000000782565605
625 0.000000689153533
630 0.000000673067891
635 0.000000701152572
640 0.000000742306877
645 0.000000777731632
650 0.000000772571641
655 0.000000799886367
660 0.000000795782519
665 0.000000741969826
670 0.000000729423986
675 0.000000674025354
680 0.000000593470495
685 0.000000522961596
690 0.000000505342248
695 0.000000527355251
700 0.000000578366154
705 0.000000652232091
710 0.000000688995626
715 0.000000667024154
720 0.000000603286745
725 0.000000642027095
730 0.000000619503773
735 0.000000582380698
740 0.000000476423381
745 0.000000458298332
750 0.000000433529408
755 0.000000455241786
760 0.000000408495341
765 0.000000406513452
770 0.000000384629271
775 0.000000359157543
780 0.000000355201413
785 0.000000314737758
790 0.000000264301196
795 0.000000270815563
800 0.000000270990896
805 0.000000287878588
810 0.000000312620180
815 0.000000322865941
820 0.000000359898456
825 0.000000376450115
830 0.000000429592145
835 0.000000413986945
840 0.000000410950361
845 0.000000391545007
850 0.000000368827881
855 0.000000328351720
860 0.000000324416722
865 0.000000314477222
870 0.000000300529591
875 0.000000285681389
880 0.000000275251635
885 0.000000290081382
890 0.000000283986602
895 0.000000273385916
900 0.000000272577937
905 0.000000271270473
910 0.000000256105773
915 0.000000261401266
920 0.000000257028865
925 0.000000252762333
930 0.000000265008427
935 0.000000262159297
940 0.000000271833728
945 0.000000285811799
950 0.000000271283724
955 0.000000286172884
960 0.000000275240160
965 0.000000276249433
970 0.000000269798454
975 0.000000254958990
980 0.000000246166269
985 0.000000236248397
990 0.000000219591485
995 0.000000215280930
1000 0.000000199585633
1000 0.000000199585633
1010 0.000000149957547
1020 0.000000129937463
1030 0.000000127028861
1040 0.000000119111290
1050 0.000000127355010
1060 0.000000138608940
1070 0.000000150591355
1080 0.000000153522756
1090 0.000000162784020
1100 0.000000184384463
1110 0.000000199424788
1120 0.000000198249659
1130 0.000000202220787
1140 0.000000193791426
1150 0.000000181905398
1160 0.000000158938705
1170 0.000000150995943
1180 0.000000143369125
1190 0.000000146006047
1200 0.000000139859390
1210 0.000000137173259
1220 0.000000145716014
1230 0.000000150775768
1240 0.000000154038090
1250 0.000000150697222
1260 0.000000147263147
1270 0.000000144611732
1280 0.000000147249406
1290 0.000000145321540
1300 0.000000148062699
1310 0.000000149358842
1320 0.000000142913993
1330 0.000000136921542
1340 0.000000132191477
1350 0.000000126800179
1360 0.000000121514986
1370 0.000000120631209
1380 0.000000116781030
1390 0.000000118879857
1400 0.000000122148132
1410 0.000000127584795
1420 0.000000131205066
1430 0.000000136134738
1440 0.000000141466926
1450 0.000000144642092
1460 0.000000145450427
1470 0.000000142036948
1480 0.000000135570930
1490 0.000000130128707
1500 0.000000127044949
1510 0.000000119117254
1520 0.000000111065044
1530 0.000000104960783
1540 0.000000097832654
1550 0.000000091209706
1560 0.000000086907192
1570 0.000000080852709
1580 0.000000075760171
1590 0.000000071633635
1600 0.000000066879142
1610 0.000000063794111
1620 0.000000060094379
1630 0.000000057183782
1640 0.000000055261833
1650 0.000000054708448
1660 0.000000054931073
1670 0.000000052251845
1680 0.000000051855376
1690 0.000000051420538
1700 0.000000050813969
1710 0.000000050899895
1720 0.000000050118593
1730 0.000000049256556
1740 0.000000049829607
1750 0.000000049418110
1760 0.000000050142660
1770 0.000000049659322
1780 0.000000050383565
1790 0.000000050732727
1800 0.000000052549383
1810 0.000000053811471
1820 0.000000055039991
1830 0.000000057210694
1840 0.000000058428373
1850 0.000000059511212
1860 0.000000060259947
1870 0.000000060903051
1880 0.000000061215393
1890 0.000000061432298
1900 0.000000061376826
1910 0.000000061278084
1920 0.000000061701475
1930 0.000000062049055
1940 0.000000062138163
1950 0.000000062132999
1960 0.000000061227313
1970 0.000000059663232
1980 0.000000058644062
1990 0.000000057849786
2000 0.000000055706805
2000 0.000000055706805
2020 0.000000053272792
2040 0.000000051195163
2060 0.000000048993592
2080 0.000000046944341
2100 0.000000044157342
2120 0.000000042345414
2140 0.000000041413683
2160 0.000000041527826
2180 0.000000044359699
2200 0.000000046080134
2220 0.000000047111996
2240 0.000000047105559
2260 0.000000045990913
2280 0.000000043470145
2300 0.000000040087665
2320 0.000000036284481
2340 0.000000032782015
2360 0.000000030673122
2380 0.000000029813094
2400 0.000000028715418
2420 0.000000029256465
2440 0.000000029723269
2460 0.000000031082720
2480 0.000000032538735
2500 0.000000033889038
2520 0.000000035434118
2540 0.000000036778954
2560 0.000000037646149
2580 0.000000038345675
2600 0.000000038816250
2620 0.000000039404361
2640 0.000000039165806
2660 0.000000038823432
2680 0.000000038731226
2700 0.000000038153074
2720 0.000000037367874
2740 0.000000036945405
2760 0.000000035938531
2780 0.000000034780251
2800 0.000000033441280
2820 0.000000032234129
2840 0.000000030913230
2860 0.000000029439708
2880 0.000000028244023
2900 0.000000026407790
2920 0.000000024931209
2940 0.000000023657558
2960 0.000000022421086
2980 0.000000021239939
3000 0.000000020397692
3020 0.000000019818070
3040 0.000000019202269
3060 0.000000019023192
3080 0.000000018866480
3100 0.000000018649496
3120 0.000000018643937
3140 0.000000018847599
3160 0.000000019163073
3180 0.000000019493590
3200 0.000000019959309
3220 0.000000020411805
3240 0.000000020545009
3260 0.000000020990959
3280 0.000000021445394
3300 0.000000021735391
3320 0.000000021663248
3340 0.000000021710050
3360 0.000000021716719
3380 0.000000021594862
3400 0.000000021244523
3420 0.000000021002146
3440 0.000000020672510
3460 0.000000020360352
3480 0.000000019880078
3500 0.000000019235093
3520 0.000000018627479
3540 0.000000017959184
3560 0.000000017313764
3580 0.000000016589650
3600 0.000000015854708
3620 0.000000015231906
3640 0.000000014595119
3660 0.000000013754404
3680 0.000000013292324
3700 0.000000012690242
3720 0.000000012163964
3740 0.000000011859309
3760 0.000000011454204
3780 0.000000011069075
3800 0.000000010947272
3820 0.000000010609496
3840 0.000000010444142
3860 0.000000010284305
3880 0.000000010087324
3900 0.000000009928967
3920 0.000000009906172
3940 0.000000009748156
3960 0.000000009548347
3980 0.000000009519568
4000 0.000000009484185
4020 0.000000009413710
4040 0.000000009318375
4060 0.000000009259415
4080 0.000000009173876
4100 0.000000009135557
4120 0.000000009155965
4140 0.000000009060995
4160 0.000000009001562
4180 0.000000009050804
4200 0.000000008937398
4220 0.000000008808405
4240 0.000000008851664
4260 0.000000008806958
4280 0.000000008693203
4300 0.000000008757565
4320 0.000000008775676
4340 0.000000008749841
4360 0.000000008737893
4380 0.000000008626839
4400 0.000000008667551
4420 0.000000008658404
4440 0.000000008628632
4460 0.000000008612458
4480 0.000000008559030
4500 0.000000008622746
4520 0.000000008536102
4540 0.000000008530423
4560 0.000000008449827
4580 0.000000008569205
4600 0.000000008571763
4620 0.000000008565739
4640 0.000000008491128
4660 0.000000008439544
4680 0.000000008603287
4700 0.000000008479384
4720 0.000000008429749
4740 0.000000008433207
4760 0.000000008387316
4780 0.000000008404030
4800 0.000000008406829
4820 0.000000008316688
4840 0.000000008460556
4860 0.000000008381444
4880 0.000000008316489
4900 0.000000008343495
4920 0.000000008281468
4940 0.000000008428287
4960 0.000000008380829
4980 0.000000008248613
5000 0.000000008348545
5020 0.000000008322931
5040 0.000000008357983
5060 0.000000008340996
5080 0.000000008367999
5100 0.000000008313874
5120 0.000000008305968
5140 0.000000008298728
5160 0.000000008295083
5180 0.000000008261465
5200 0.000000008267991
5220 0.000000008296876
5240 0.000000008271026
5260 0.000000008351943
5280 0.000000008425873
5300 0.000000008230518
5320 0.000000008323031
5340 0.000000008323031
5360 0.000000008245325
5380 0.000000008292281
5400 0.000000008294181
5420 0.000000008277441
5440 0.000000008300301
5460 0.000000008250013
5480 0.000000008267800
5500 0.000000008075669
