200 0.000006927528498
210 0.000006231481105
215 0.000007400465242
220 0.000007231290187
230 0.000010337129190
235 0.000010438921016
240 0.000010647673123
245 0.000009230961737
250 0.000007353714946
255 0.000005837537582
260 0.000005424431395
265 0.000004519449346
270 0.000003654980876
275 0.000002728804584
280 0.000002333034095
285 0.000002384470651
290 0.000002364713453
295 0.000002422216282
300 0.000002322618572
305 0.000002384679983
310 0.000002371304283
315 0.000002396702591
320 0.000003309565164
325 0.000003840273756
330 0.000004397261646
335 0.000004364627538
340 0.000004370830226
345 0.000004703062467
350 0.000004955239420
355 0.000004886073252
360 0.000004471022589
365 0.000004246819424
370 0.000003816508097
375 0.000003259934775
380 0.000003171837025
385 0.000003137065558
390 0.000002562521429
395 0.000002235554153
400 0.000002050864212
405 0.000001794317551
410 0.000001651010799
415 0.000001485637875
420 0.000001437621352
425 0.000001375622218
430 0.000001402931170
435 0.000001386555705
440 0.000001382951278
445 0.000001419080755
450 0.000001414461108
455 0.000001359048057
460 0.000001451657844
465 0.000001441095555
470 0.000001467858843
475 0.000001602582951
480 0.000001789030445
485 0.000001819321420
490 0.000001674721426
495 0.000001778907013
500 0.000002005943998
505 0.000002026347251
510 0.000002009345138
515 0.000001912818465
520 0.000001839301956
525 0.000001625781833
530 0.000001448446345
535 0.000001297249103
540 0.000001271589612
545 0.000001145402148
550 0.000001128394540
555 0.000000987291372
560 0.000000971165616
565 0.000000898783676
570 0.000000945020519
575 0.000000966935701
580 0.000001024395766
585 0.000001121388980
590 0.000001170178973
595 0.000001338831419
600 0.000001388833021
605 0.000001342913506
610 0.000001247052971
615 0.000001220649842
620 0.000001136538101
625 0.000001032393584
630 0.000000945174934
635 0.000000938079539
640 0.000000922082988
645 0.000000980973663
650 0.000000972430879
655 0.000000997482799
660 0.000001047705380
665 0.000001065758254
670 0.000001136907840
675 0.000001069972952
680 0.000001049198653
685 0.000000933739758
690 0.000000878724175
695 0.000000785613327
700 0.000000722567728
705 0.000000654842669
710 0.000000600973539
715 0.000000549393858
720 0.000000512968453
725 0.000000461190419
730 0.000000406736356
735 0.000000384330897
740 0.000000358382697
745 0.000000350824503
750 0.000000350466165
755 0.000000343887665
760 0.000000353976714
765 0.000000375792579
770 0.000000383220038
775 0.000000445346553
780 0.000000476737179
785 0.000000521770851
790 0.000000518792052
795 0.000000519590094
800 0.000000531616013
805 0.000000536830941
810 0.000000556242712
815 0.000000560792395
820 0.000000570776046
825 0.000000569575140
830 0.000000583483796
835 0.000000599328456
840 0.000000568565047
845 0.000000522840508
850 0.000000486380637
855 0.000000490200064
860 0.000000464196154
865 0.000000445748587
870 0.000000450613081
875 0.000000456858949
880 0.000000437811986
885 0.000000432865426
890 0.000000421671463
895 0.000000388280300
900 0.000000382951218
905 0.000000381044007
910 0.000000357735151
915 0.000000346530405
920 0.000000337935223
925 0.000000351294924
930 0.000000365591675
935 0.000000351681519
940 0.000000341979824
945 0.000000327522237
950 0.000000335863199
955 0.000000340526703
960 0.000000346489629
965 0.000000350923268
970 0.000000357389270
975 0.000000364231799
980 0.000000367894557
985 0.000000359754042
990 0.000000377294705
995 0.000000367963873
1000 0.000000360186498
1000 0.000000360186498
1010 0.000000342786334
1020 0.000000311938496
1030 0.000000281411073
1040 0.000000260339811
1050 0.000000242016555
1060 0.000000234520545
1070 0.000000233577021
1080 0.000000221178506
1090 0.000000206804390
1100 0.000000206492713
1110 0.000000198531944
1120 0.000000201669486
1130 0.000000203749268
1140 0.000000201289114
1150 0.000000206954552
1160 0.000000204406992
1170 0.000000206460765
1180 0.000000208492255
1190 0.000000213195105
1200 0.000000219385471
1210 0.000000227717919
1220 0.000000216854707
1230 0.000000219122176
1240 0.000000218729485
1250 0.000000216333959
1260 0.000000205491159
1270 0.000000201978214
1280 0.000000200780680
1290 0.000000196033684
1300 0.000000199589302
1310 0.000000201515369
1320 0.000000214460916
1330 0.000000225082270
1340 0.000000227021143
1350 0.000000219662468
1360 0.000000221047137
1370 0.000000226588724
1380 0.000000222291797
1390 0.000000224552331
1400 0.000000223973189
1410 0.000000220687022
1420 0.000000218729117
1430 0.000000208715949
1440 0.000000201804846
1450 0.000000192092214
1460 0.000000180724819
1470 0.000000172951864
1480 0.000000166872753
1490 0.000000158450322
1500 0.000000151308747
1510 0.000000149446280
1520 0.000000143286238
1530 0.000000137730483
1540 0.000000129148189
1550 0.000000121930570
1560 0.000000116058327
1570 0.000000108506182
1580 0.000000104654164
1590 0.000000098069169
1600 0.000000091600081
1610 0.000000090231558
1620 0.000000088058889
1630 0.000000083527048
1640 0.000000082137841
1650 0.000000080310212
1660 0.000000077243689
1670 0.000000075469780
1680 0.000000074146777
1690 0.000000074510904
1700 0.000000073262804
1710 0.000000073160581
1720 0.000000071519320
1730 0.000000070853874
1740 0.000000070029003
1750 0.000000070063995
1760 0.000000069289800
1770 0.000000067804528
1780 0.000000067136475
1790 0.000000066355862
1800 0.000000064388498
1810 0.000000063549815
1820 0.000000061954683
1830 0.000000060109768
1840 0.000000059338375
1850 0.000000057333230
1860 0.000000055627719
1870 0.000000055064531
1880 0.000000053844562
1890 0.000000053107480
1900 0.000000052257949
1910 0.000000051637688
1920 0.000000051810317
1930 0.000000051963102
1940 0.000000051890181
1950 0.000000052145902
1960 0.000000052511699
1970 0.000000053723261
1980 0.000000054556629
1990 0.000000054691595
2000 0.000000056122635
2000 0.000000056122635
2020 0.000000057476743
2040 0.000000058863848
2060 0.000000058982660
2080 0.000000059346029
2100 0.000000058547826
2120 0.000000057571178
2140 0.000000056308445
2160 0.000000054152216
2180 0.000000052672380
2200 0.000000051781966
2220 0.000000050234999
2240 0.000000049767475
2260 0.000000050181399
2280 0.000000049850955
2300 0.000000049931045
2320 0.000000050345040
2340 0.000000050752410
2360 0.000000050920528
2380 0.000000051782035
2400 0.000000052490897
2420 0.000000053339275
2440 0.000000053955115
2460 0.000000054913917
2480 0.000000055261097
2500 0.000000055589507
2520 0.000000056427882
2540 0.000000056466047
2560 0.000000056553356
2580 0.000000056428944
2600 0.000000056127665
2620 0.000000055406339
2640 0.000000055018089
2660 0.000000054267898
2680 0.000000053397907
2700 0.000000052415903
2720 0.000000051235909
2740 0.000000050112832
2760 0.000000048759553
2780 0.000000047631724
2800 0.000000046261320
2820 0.000000045124746
2840 0.000000043848717
2860 0.000000042672503
2880 0.000000041535368
2900 0.000000040443174
2920 0.000000039542300
2940 0.000000038411666
2960 0.000000037565438
2980 0.000000036657660
3000 0.000000035658987
3020 0.000000035145939
3040 0.000000034400946
3060 0.000000033636246
3080 0.000000033102859
3100 0.000000032467459
3120 0.000000031999313
3140 0.000000031408251
3160 0.000000030768926
3180 0.000000030194651
3200 0.000000029644609
3220 0.000000029000773
3240 0.000000028436564
3260 0.000000028036608
3280 0.000000027289969
3300 0.000000026686004
3320 0.000000026186259
3340 0.000000025616723
3360 0.000000025113576
3380 0.000000024681084
3400 0.000000024357192
3420 0.000000023800181
3440 0.000000023324858
3460 0.000000022939170
3480 0.000000022488293
3500 0.000000022125330
3520 0.000000021678349
3540 0.000000021263567
3560 0.000000020926181
3580 0.000000020605391
3600 0.000000020269784
3620 0.000000019903527
3640 0.000000019587407
3660 0.000000019395302
3680 0.000000019015372
3700 0.000000018894578
3720 0.000000018491796
3740 0.000000018282187
3760 0.000000018050848
3780 0.000000017803837
3800 0.000000017675841
3820 0.000000017391923
3840 0.000000017310191
3860 0.000000017039324
3880 0.000000016857768
3900 0.000000016805202
3920 0.000000016623096
3940 0.000000016479910
3960 0.000000016304345
3980 0.000000016238226
4000 0.000000016071955
4020 0.000000015963385
4040 0.000000016068477
4060 0.000000015807653
4080 0.000000015654509
4100 0.000000015678163
4120 0.000000015659050
4140 0.000000015654896
4160 0.000000015314218
4180 0.000000015394182
4200 0.000000015299719
4220 0.000000015313593
4240 0.000000015298991
4260 0.000000015158889
4280 0.000000015014422
4300 0.000000014978480
4320 0.000000014954417
4340 0.000000014925228
4360 0.000000014835572
4380 0.000000014830723
4400 0.000000014927623
4420 0.000000014772830
4440 0.000000014740588
4460 0.000000014804069
4480 0.000000014646304
4500 0.000000014683902
4520 0.000000014605895
4540 0.000000014643806
4560 0.000000014491918
4580 0.000000014517007
4600 0.000000014467497
4620 0.000000014528789
4640 0.000000014415714
4660 0.000000014399182
4680 0.000000014373499
4700 0.000000014467171
4720 0.000000014453490
4740 0.000000014480039
4760 0.000000014404263
4780 0.000000014351496
4800 0.000000014420325
4820 0.000000014308560
4840 0.000000014250682
4860 0.000000014315383
4880 0.000000014200884
4900 0.000000014353732
4920 0.000000014238694
4940 0.000000014176337
4960 0.000000014251581
4980 0.000000014266921
5000 0.000000014180152
5020 0.000000014307329
5040 0.000000014230587
5060 0.000000014056691
5080 0.000000014141153
5100 0.000000014073236
5120 0.000000014222196
5140 0.000000014048435
5160 0.000000014098852
5180 0.000000014074133
5200 0.000000014183893
5220 0.000000014060771
5240 0.000000014082695
5260 0.000000014110511
5280 0.000000014043680
5300 0.000000014016397
5320 0.000000014145147
5340 0.000000014122241
5360 0.000000014183574
5380 0.000000014117377
5400 0.000000013996353
5420 0.000000014080088
5440 0.000000014219666
5460 0.000000014085692
5480 0.000000014007871
5500 0.000000014065290
