265 0.000005566674308
270 0.000004603601957
275 0.000003454716924
280 0.000003000662957
285 0.000002644237837
290 0.000002635003069
295 0.000002469045436
300 0.000002360108618
305 0.000002349508853
310 0.000002507667817
315 0.000002790813909
320 0.000003305788936
325 0.000003949200494
330 0.000004546232323
335 0.000004963464271
340 0.000005042711937
345 0.000005354433533
350 0.000005531866492
355 0.000005181188703
360 0.000005287060303
365 0.000005116834792
370 0.000004858930174
375 0.000004524272318
380 0.000004122132016
385 0.000003779616259
390 0.000003431952677
395 0.000003041336363
400 0.000002698066284
405 0.000002321311319
410 0.000002003772647
415 0.000001842100795
420 0.000001745483581
425 0.000001834054446
430 0.000001840525189
435 0.000001696683373
440 0.000001572628992
445 0.000001567783322
450 0.000001606457194
455 0.000001584494148
460 0.000001562167122
465 0.000001642697102
470 0.000001638340902
475 0.000001587347484
480 0.000001636368879
485 0.000001684635556
490 0.000001740945161
495 0.000001780814425
500 0.000001784608908
505 0.000001802184220
510 0.000001799430275
515 0.000001882143465
520 0.000001768088620
525 0.000001646983392
530 0.000001475819738
535 0.000001366941926
540 0.000001290505596
545 0.000001247817754
550 0.000001209078605
555 0.000001176315900
560 0.000001219593698
565 0.000001258832937
570 0.000001271328331
575 0.000001300732073
580 0.000001337012561
585 0.000001411640804
590 0.000001458317249
595 0.000001534753776
600 0.000001542449182
605 0.000001522448859
610 0.000001491944268
615 0.000001430388058
620 0.000001361127770
625 0.000001256801574
630 0.000001238019279
635 0.000001215914282
640 0.000001209559226
645 0.000001223853154
650 0.000001188473703
655 0.000001157178824
660 0.000001153704499
665 0.000001146438482
670 0.000001119097273
675 0.000001089832059
680 0.000001031793967
685 0.000000959631654
690 0.000000849746552
695 0.000000778077764
700 0.000000708634203
705 0.000000659451440
710 0.000000600159663
715 0.000000551275925
720 0.000000508580022
725 0.000000485436461
730 0.000000438572972
735 0.000000435524823
740 0.000000417641716
745 0.000000417197174
750 0.000000430842409
755 0.000000419314336
760 0.000000423333641
765 0.000000430949664
770 0.000000442732368
775 0.000000447128905
780 0.000000458242385
785 0.000000477435272
790 0.000000494821901
795 0.000000517355710
800 0.000000520212127
805 0.000000536938444
810 0.000000548706194
815 0.000000539169680
820 0.000000525709311
825 0.000000526761933
830 0.000000513739194
835 0.000000499994566
840 0.000000505191749
845 0.000000486409067
850 0.000000472549174
855 0.000000452365496
860 0.000000453935124
865 0.000000457463745
870 0.000000451586292
875 0.000000446580647
880 0.000000436508664
885 0.000000450049645
890 0.000000438846083
895 0.000000419333942
900 0.000000394174820
905 0.000000374499198
910 0.000000363576338
915 0.000000353484613
920 0.000000347572020
925 0.000000349567145
930 0.000000336048510
935 0.000000327279129
940 0.000000331082229
945 0.000000329290120
950 0.000000316933861
955 0.000000317231416
960 0.000000304770988
965 0.000000304602210
970 0.000000303929110
975 0.000000310654826
980 0.000000307298984
985 0.000000319782193
990 0.000000323667731
995 0.000000329302941
1000 0.000000329976183
1000 0.000000329976183
1010 0.000000316676196
1020 0.000000302196900
1030 0.000000288832306
1040 0.000000279101434
1050 0.000000270147049
1060 0.000000266604870
1070 0.000000257150938
1080 0.000000241715157
1090 0.000000232004991
1100 0.000000227168578
1110 0.000000238625954
1120 0.000000239853877
1130 0.000000236336510
1140 0.000000235993411
1150 0.000000230489464
1160 0.000000228426228
1170 0.000000231102583
1180 0.000000238605755
1190 0.000000234463772
1200 0.000000238621437
1210 0.000000240656550
1220 0.000000239804556
1230 0.000000239209004
1240 0.000000232004785
1250 0.000000229612950
1260 0.000000226487166
1270 0.000000221904334
1280 0.000000217023023
1290 0.000000217408663
1300 0.000000214589005
1310 0.000000206043992
1320 0.000000201294226
1330 0.000000207133960
1340 0.000000205590109
1350 0.000000203879201
1360 0.000000207771743
1370 0.000000206174817
1380 0.000000210591793
1390 0.000000202461219
1400 0.000000198638393
1410 0.000000199501197
1420 0.000000198514469
1430 0.000000195775952
1440 0.000000186033405
1450 0.000000179372933
1460 0.000000169585662
1470 0.000000169348271
1480 0.000000162870907
1490 0.000000158364074
1500 0.000000156651567
1510 0.000000155615374
1520 0.000000152165030
1530 0.000000146058424
1540 0.000000136752931
1550 0.000000129996284
1560 0.000000124265538
1570 0.000000116011739
1580 0.000000109455411
1590 0.000000108816953
1600 0.000000102795826
1610 0.000000099431853
1620 0.000000094964949
1630 0.000000092930066
1640 0.000000088239016
1650 0.000000086866578
1660 0.000000085000835
1670 0.000000082487160
1680 0.000000079605918
1690 0.000000078573581
1700 0.000000077527794
1710 0.000000077305624
1720 0.000000075514838
1730 0.000000075419410
1740 0.000000074470059
1750 0.000000074673739
1760 0.000000073924984
1770 0.000000072264407
1780 0.000000071179273
1790 0.000000069378855
1800 0.000000068758919
1810 0.000000067729614
1820 0.000000065759193
1830 0.000000065068515
1840 0.000000062784033
1850 0.000000060868122
1860 0.000000060688717
1870 0.000000060596773
1880 0.000000059353848
1890 0.000000057962257
1900 0.000000057638192
1910 0.000000056481530
1920 0.000000056410776
1930 0.000000056108569
1940 0.000000056830052
1950 0.000000055734410
1960 0.000000057063810
1970 0.000000057426303
1980 0.000000058304844
1990 0.000000058678394
2000 0.000000059855069
2000 0.000000059855069
2020 0.000000060741304
2040 0.000000061101756
2060 0.000000061577369
2080 0.000000062286763
2100 0.000000061679972
2120 0.000000060689809
2140 0.000000059047508
2160 0.000000058259115
2180 0.000000057167621
2200 0.000000055537664
2220 0.000000054557642
2240 0.000000054260833
2260 0.000000054908083
2280 0.000000055229170
2300 0.000000055668789
2320 0.000000054902263
2340 0.000000055487751
2360 0.000000055747824
2380 0.000000056540664
2400 0.000000057028609
2420 0.000000057522699
2440 0.000000058089244
2460 0.000000058763557
2480 0.000000058937719
2500 0.000000058903615
2520 0.000000059024103
2540 0.000000059358552
2560 0.000000059062585
2580 0.000000058441492
2600 0.000000057943461
2620 0.000000057544801
2640 0.000000056951920
2660 0.000000056162868
2680 0.000000055024537
2700 0.000000053916764
2720 0.000000052887578
2740 0.000000051906835
2760 0.000000050384424
2780 0.000000049515483
2800 0.000000048052252
2820 0.000000047172634
2840 0.000000045648171
2860 0.000000044482595
2880 0.000000043252347
2900 0.000000042131309
2920 0.000000041204568
2940 0.000000040259355
2960 0.000000039107980
2980 0.000000038113965
3000 0.000000037332996
3020 0.000000036538654
3040 0.000000035815447
3060 0.000000035082069
3080 0.000000034308408
3100 0.000000033625631
3120 0.000000033006736
3140 0.000000032389070
3160 0.000000031666002
3180 0.000000031004923
3200 0.000000030549547
3220 0.000000029633168
3240 0.000000029245368
3260 0.000000028665003
3280 0.000000028126609
3300 0.000000027493547
3320 0.000000027034436
3340 0.000000026404950
3360 0.000000025883173
3380 0.000000025414056
3400 0.000000024919088
3420 0.000000024424383
3440 0.000000024015902
3460 0.000000023473016
3480 0.000000023178223
3500 0.000000022693990
3520 0.000000022324412
3540 0.000000021919332
3560 0.000000021627664
3580 0.000000021209453
3600 0.000000020852510
3620 0.000000020582778
3640 0.000000020206229
3660 0.000000019911748
3680 0.000000019704355
3700 0.000000019397480
3720 0.000000018944160
3740 0.000000018872155
3760 0.000000018528464
3780 0.000000018337129
3800 0.000000018050930
3820 0.000000017830824
3840 0.000000017654242
3860 0.000000017551448
3880 0.000000017523687
3900 0.000000017288764
3920 0.000000017060330
3940 0.000000016949633
3960 0.000000016717450
3980 0.000000016685607
4000 0.000000016545707
4020 0.000000016491212
4040 0.000000016322157
4060 0.000000016294783
4080 0.000000016184193
4100 0.000000016133977
4120 0.000000016008243
4140 0.000000015769242
4160 0.000000015888305
4180 0.000000015648553
4200 0.000000015616498
4220 0.000000015567381
4240 0.000000015515588
4260 0.000000015405864
4280 0.000000015427848
4300 0.000000015315423
4320 0.000000015225904
4340 0.000000015300326
4360 0.000000015186157
4380 0.000000015126034
4400 0.000000015031095
4420 0.000000015023236
4440 0.000000015093794
4460 0.000000014927900
4480 0.000000014848701
4500 0.000000014875577
4520 0.000000014808190
4540 0.000000014798506
4560 0.000000014763365
4580 0.000000014704456
4600 0.000000014732183
4620 0.000000014812876
4640 0.000000014648930
4660 0.000000014760439
4680 0.000000014592770
4700 0.000000014724831
4720 0.000000014572069
4740 0.000000014619555
4760 0.000000014615180
4780 0.000000014525327
4800 0.000000014495463
4820 0.000000014625378
4840 0.000000014570045
4860 0.000000014538506
4880 0.000000014490701
4900 0.000000014322343
4920 0.000000014388890
4940 0.000000014386687
4960 0.000000014422338
4980 0.000000014299240
5000 0.000000014324054
5020 0.000000014218372
5040 0.000000014400684
5060 0.000000014349079
5080 0.000000014244829
5100 0.000000014174283
5120 0.000000014287974
5140 0.000000014307535
5160 0.000000014367704
5180 0.000000014395183
5200 0.000000014317115
5220 0.000000014273852
5240 0.000000014097286
5260 0.000000014287687
5280 0.000000014227906
5300 0.000000014268003
5320 0.000000014164699
5340 0.000000014311991
5360 0.000000014121863
5380 0.000000014111520
5400 0.000000014358995
5420 0.000000014099376
5440 0.000000014176340
5460 0.000000014277036
5480 0.000000014328335
5500 0.000000014191370
