200 0.000007029047347
205 0.000006271414238
210 0.000006252754889
215 0.000006992823695
220 0.000006801692350
225 0.000008633952994
230 0.000009579266992
235 0.000009124466673
240 0.000008526110981
245 0.000007675679185
250 0.000006495901426
255 0.000006041908588
260 0.000005334341278
265 0.000003967968921
270 0.000003512476679
275 0.000002640989777
280 0.000002227857489
285 0.000002124946779
290 0.000001966962886
295 0.000001649839883
300 0.000001560259612
305 0.000001721417220
310 0.000001742511915
315 0.000002180792728
320 0.000002840340966
325 0.000003632563222
330 0.000004172502850
335 0.000004117225433
340 0.000004024558798
345 0.000004155848011
350 0.000004034182704
355 0.000003936385585
360 0.000003648368334
365 0.000003112531480
370 0.000002420132395
375 0.000001987504440
380 0.000001715535907
385 0.000001390337362
390 0.000001293172553
395 0.000001259482918
400 0.000001231465479
405 0.000001233376055
410 0.000001182739216
415 0.000001129517636
420 0.000001152325776
425 0.000001308859087
430 0.000001544744503
435 0.000001569508977
440 0.000001566755254
445 0.000001346966785
450 0.000001239063854
455 0.000001159711397
460 0.000000994962322
465 0.000000883502829
470 0.000000922290744
475 0.000000952574041
480 0.000000982514553
485 0.000001011100333
490 0.000001088935748
495 0.000001230115332
500 0.000001166208201
505 0.000001096892022
510 0.000001063702634
515 0.000001160620222
520 0.000001175306520
525 0.000001015139842
530 0.000000997535358
535 0.000000948140167
540 0.000000881311687
545 0.000000863027035
550 0.000000815182180
555 0.000000774806982
560 0.000000738896451
565 0.000000740334042
570 0.000000702893753
575 0.000000756002304
580 0.000000856376452
585 0.000000937191164
590 0.000001068471990
595 0.000001151663280
600 0.000001145634029
605 0.000001142207379
610 0.000001064644924
615 0.000000997354120
620 0.000000890312090
625 0.000000848179072
630 0.000000795579318
635 0.000000771342835
640 0.000000741568740
645 0.000000716253554
650 0.000000774108285
655 0.000000782433805
660 0.000000780586268
665 0.000000760267792
670 0.000000764919885
675 0.000000730620425
680 0.000000700230579
685 0.000000695776158
690 0.000000696885338
695 0.000000664835376
700 0.000000654145972
705 0.000000678244541
710 0.000000658232527
715 0.000000614425253
720 0.000000573104012
725 0.000000547671329
730 0.000000525163358
735 0.000000526086629
740 0.000000496958626
745 0.000000484880299
750 0.000000485689906
755 0.000000460394213
760 0.000000466114433
765 0.000000461911949
770 0.000000451489881
775 0.000000407530061
780 0.000000371431737
785 0.000000342481789
790 0.000000325949883
795 0.000000306345202
800 0.000000331092021
805 0.000000334876774
810 0.000000352272362
815 0.000000378728189
820 0.000000373991010
825 0.000000373509627
830 0.000000366273730
835 0.000000340601523
840 0.000000319703275
845 0.000000327668643
850 0.000000306818982
855 0.000000288867157
860 0.000000283118815
865 0.000000268225965
870 0.000000263368975
875 0.000000268614074
880 0.000000259845891
885 0.000000251330229
890 0.000000250450262
895 0.000000243580272
900 0.000000239685867
905 0.000000250221564
910 0.000000248508839
915 0.000000264022006
920 0.000000271152405
925 0.000000283537704
930 0.000000273026553
935 0.000000286039118
940 0.000000287170398
945 0.000000290110451
950 0.000000296424702
955 0.000000302795709
960 0.000000299852060
965 0.000000299394068
970 0.000000281241068
975 0.000000275382436
980 0.000000262391770
985 0.000000245098312
990 0.000000237300716
995 0.000000213171469
1000 0.000000190490228
1000 0.000000190490228
1010 0.000000164575817
1020 0.000000143110782
1030 0.000000143562726
1040 0.000000133715848
1050 0.000000140443672
1060 0.000000156459763
1070 0.000000155403992
1080 0.000000166370909
1090 0.000000181530831
1100 0.000000192538532
1110 0.000000216162946
1120 0.000000211780744
1130 0.000000213732831
1140 0.000000206693256
1150 0.000000193330096
1160 0.000000178633046
1170 0.000000168956717
1180 0.000000161279742
1190 0.000000160289218
1200 0.000000146499476
1210 0.000000149003773
1220 0.000000157105124
1230 0.000000157078461
1240 0.000000150907419
1250 0.000000150228129
1260 0.000000151020600
1270 0.000000151885113
1280 0.000000149153406
1290 0.000000148317020
1300 0.000000154968309
1310 0.000000157775218
1320 0.000000156105538
1330 0.000000145540543
1340 0.000000143855277
1350 0.000000140996844
1360 0.000000140099022
1370 0.000000141768256
1380 0.000000135932339
1390 0.000000136552490
1400 0.000000140923185
1410 0.000000142762383
1420 0.000000145758270
1430 0.000000146342151
1440 0.000000147637505
1450 0.000000150121276
1460 0.000000147646748
1470 0.000000144626905
1480 0.000000143728884
1490 0.000000138723364
1500 0.000000134021072
1510 0.000000125612796
1520 0.000000120146853
1530 0.000000113519750
1540 0.000000107211933
1550 0.000000099382978
1560 0.000000094603230
1570 0.000000089295002
1580 0.000000082827913
1590 0.000000079009885
1600 0.000000075561991
1610 0.000000071392508
1620 0.000000066156557
1630 0.000000062910830
1640 0.000000061249517
1650 0.000000059078611
1660 0.000000058897773
1670 0.000000057570792
1680 0.000000056439284
1690 0.000000055560549
1700 0.000000054622023
1710 0.000000055071322
1720 0.000000054665663
1730 0.000000054543561
1740 0.000000054084162
1750 0.000000054924596
1760 0.000000054514984
1770 0.000000055350651
1780 0.000000055240320
1790 0.000000056401605
1800 0.000000057064301
1810 0.000000058518251
1820 0.000000059887160
1830 0.000000062855454
1840 0.000000063172664
1850 0.000000064201899
1860 0.000000064643495
1870 0.000000065159111
1880 0.000000065187871
1890 0.000000065561183
1900 0.000000065806915
1910 0.000000066170642
1920 0.000000066871807
1930 0.000000067295003
1940 0.000000066750288
1950 0.000000066480932
1960 0.000000065416753
1970 0.000000064245506
1980 0.000000063307285
1990 0.000000061857147
2000 0.000000061771810
2000 0.000000061771810
2020 0.000000058199298
2040 0.000000055124849
2060 0.000000053077365
2080 0.000000050395583
2100 0.000000048766601
2120 0.000000046797132
2140 0.000000045318232
2160 0.000000045996840
2180 0.000000047374889
2200 0.000000048796921
2220 0.000000049180555
2240 0.000000048809079
2260 0.000000047857730
2280 0.000000045639636
2300 0.000000042677208
2320 0.000000039253037
2340 0.000000036748481
2360 0.000000034253875
2380 0.000000033426426
2400 0.000000032380306
2420 0.000000032524684
2440 0.000000033419451
2460 0.000000034179937
2480 0.000000035622539
2500 0.000000036519312
2520 0.000000038158034
2540 0.000000039146979
2560 0.000000039800446
2580 0.000000040900485
2600 0.000000041119106
2620 0.000000041269419
2640 0.000000040881133
2660 0.000000040944814
2680 0.000000040331290
2700 0.000000039865288
2720 0.000000039306619
2740 0.000000038449968
2760 0.000000037231148
2780 0.000000036129406
2800 0.000000034937024
2820 0.000000033842044
2840 0.000000032417274
2860 0.000000030935088
2880 0.000000029516108
2900 0.000000028003872
2920 0.000000026757150
2940 0.000000025139080
2960 0.000000024092240
2980 0.000000023076922
3000 0.000000022185152
3020 0.000000021476538
3040 0.000000020854173
3060 0.000000020568038
3080 0.000000020164638
3100 0.000000020248541
3120 0.000000020341242
3140 0.000000020361599
3160 0.000000020436090
3180 0.000000020719859
3200 0.000000021062065
3220 0.000000021304801
3240 0.000000021632420
3260 0.000000021840248
3280 0.000000022120991
3300 0.000000022094469
3320 0.000000022178021
3340 0.000000021992861
3360 0.000000021856792
3380 0.000000021776570
3400 0.000000021535631
3420 0.000000021258940
3440 0.000000020890613
3460 0.000000020557793
3480 0.000000019999401
3500 0.000000019527751
3520 0.000000018872233
3540 0.000000018310601
3560 0.000000017717981
3580 0.000000017143485
3600 0.000000016524414
3620 0.000000015663203
3640 0.000000014838701
3660 0.000000014355120
3680 0.000000013945595
3700 0.000000013362202
3720 0.000000012811257
3740 0.000000012381859
3760 0.000000011949509
3780 0.000000011679181
3800 0.000000011491558
3820 0.000000011099717
3840 0.000000010941240
3860 0.000000010698302
3880 0.000000010455552
3900 0.000000010338844
3920 0.000000010200494
3940 0.000000010029068
3960 0.000000009963115
3980 0.000000009768442
4000 0.000000009713066
4020 0.000000009562124
4040 0.000000009568695
4060 0.000000009523299
4080 0.000000009434937
4100 0.000000009431598
4120 0.000000009366540
4140 0.000000009276502
4160 0.000000009114253
4180 0.000000009099174
4200 0.000000009061957
4220 0.000000009074198
4240 0.000000009029788
4260 0.000000008882149
4280 0.000000008954087
4300 0.000000008896676
4320 0.000000008969331
4340 0.000000008914733
4360 0.000000008846649
4380 0.000000008814237
4400 0.000000008888132
4420 0.000000008691848
4440 0.000000008673728
4460 0.000000008762536
4480 0.000000008711415
4500 0.000000008566571
4520 0.000000008639718
4540 0.000000008632046
4560 0.000000008609088
4580 0.000000008581464
4600 0.000000008574040
4620 0.000000008552073
4640 0.000000008587529
4660 0.000000008633905
4680 0.000000008673696
4700 0.000000008532585
4720 0.000000008474776
4740 0.000000008551704
4760 0.000000008551430
4780 0.000000008460929
4800 0.000000008483411
4820 0.000000008486108
4840 0.000000008506673
4860 0.000000008525236
4880 0.000000008459263
4900 0.000000008537349
4920 0.000000008419994
4940 0.000000008322319
4960 0.000000008490944
4980 0.000000008449658
5000 0.000000008508968
5020 0.000000008478842
5040 0.000000008351614
5060 0.000000008383508
5080 0.000000008385054
5100 0.000000008334075
5120 0.000000008392391
5140 0.000000008459440
5160 0.000000008352022
5180 0.000000008355496
5200 0.000000008310252
5220 0.000000008303751
5240 0.000000008423552
5260 0.000000008203124
5280 0.000000008323680
5300 0.000000008274236
5320 0.000000008281885
5340 0.000000008248669
5360 0.000000008346356
5380 0.000000008298494
5400 0.000000008290510
5420 0.000000008429248
5440 0.000000008339818
5460 0.000000008358322
5480 0.000000008301882
5500 0.000000008276975
