200 0.000005585640595
205 0.000005782980458
210 0.000004267807153
215 0.000005131968273
220 0.000004811734746
225 0.000007148308175
230 0.000008441455285
235 0.000006335029378
240 0.000005861047089
245 0.000005204775368
250 0.000004636008638
255 0.000004295071502
260 0.000003542089328
265 0.000003627784638
270 0.000003289096685
275 0.000002920436375
280 0.000002153149852
285 0.000002535857973
290 0.000002221135118
295 0.000001789888537
300 0.000001625157742
305 0.000001947547646
310 0.000001979835380
315 0.000002165666734
320 0.000003047647606
325 0.000003647355637
330 0.000003145091763
335 0.000002914504319
340 0.000003339986817
345 0.000003003831038
350 0.000003530419302
355 0.000003010513942
360 0.000002567139996
365 0.000002568919686
370 0.000002030664355
375 0.000001638675353
380 0.000001450289384
385 0.000001279931238
390 0.000001161353512
395 0.000001136450912
400 0.000001231637654
405 0.000001295116456
410 0.000001193559654
415 0.000001140523155
420 0.000001231483112
425 0.000001576409261
430 0.000001529454481
435 0.000001601639727
440 0.000001559193773
445 0.000001377872569
450 0.000001171986010
455 0.000001133520779
460 0.000001174334952
465 0.000000967315065
470 0.000000920450685
475 0.000000962612952
480 0.000000913059925
485 0.000000882785574
490 0.000000877633731
495 0.000000978703533
500 0.000001123471202
505 0.000001165128722
510 0.000001334853723
515 0.000001344161327
520 0.000001291158260
525 0.000001240433810
530 0.000001029044654
535 0.000000859879073
540 0.000000817426962
545 0.000000737247645
550 0.000000660139347
555 0.000000614834282
560 0.000000599962291
565 0.000000576017749
570 0.000000533069200
575 0.000000602079155
580 0.000000739112780
585 0.000000852397069
590 0.000001011617330
595 0.000001081227529
600 0.000000999425439
605 0.000000980290327
610 0.000000960711851
615 0.000000829966613
620 0.000000763379048
625 0.000000726386688
630 0.000000712489783
635 0.000000670022211
640 0.000000673905535
645 0.000000733962044
650 0.000000739299586
655 0.000000771852901
660 0.000000699854166
665 0.000000625125633
670 0.000000627659081
675 0.000000577975565
680 0.000000538455228
685 0.000000562556188
690 0.000000604229070
695 0.000000580351747
700 0.000000622341683
705 0.000000685773432
710 0.000000706420882
715 0.000000712571658
720 0.000000697685221
725 0.000000562823802
730 0.000000520484961
735 0.000000517341246
740 0.000000452368760
745 0.000000462458721
750 0.000000442012964
755 0.000000404879340
760 0.000000435237872
765 0.000000350600523
770 0.000000301900061
775 0.000000275817174
780 0.000000274914114
785 0.000000247509867
790 0.000000257777611
795 0.000000271060474
800 0.000000278264482
805 0.000000292680563
810 0.000000353828207
815 0.000000372478281
820 0.000000428613967
825 0.000000434836508
830 0.000000436486528
835 0.000000455425436
840 0.000000459806889
845 0.000000449163076
850 0.000000442252130
855 0.000000369048580
860 0.000000377097832
865 0.000000355841110
870 0.000000337994002
875 0.000000317673327
880 0.000000287032988
885 0.000000274883074
890 0.000000267643336
895 0.000000253309624
900 0.000000254884222
905 0.000000225467729
910 0.000000238825315
915 0.000000220362602
920 0.000000235095868
925 0.000000236043208
930 0.000000229024087
935 0.000000247002379
940 0.000000241204054
945 0.000000250557232
950 0.000000260504877
955 0.000000265040884
960 0.000000264560941
965 0.000000285279782
970 0.000000292113755
975 0.000000287600013
980 0.000000253312051
985 0.000000246452075
990 0.000000220719182
995 0.000000195620413
1000 0.000000179540811
1000 0.000000179540811
1010 0.000000147919938
1020 0.000000134784390
1030 0.000000119879069
1040 0.000000115877864
1050 0.000000117614029
1060 0.000000120778672
1070 0.000000142640837
1080 0.000000146201763
1090 0.000000163622675
1100 0.000000170924539
1110 0.000000188954594
1120 0.000000196319409
1130 0.000000195346468
1140 0.000000190454692
1150 0.000000175565785
1160 0.000000160782626
1170 0.000000147085442
1180 0.000000138234363
1190 0.000000142081302
1200 0.000000141848446
1210 0.000000143782634
1220 0.000000146135338
1230 0.000000142087975
1240 0.000000140967360
1250 0.000000145008577
1260 0.000000142200078
1270 0.000000141572520
1280 0.000000142162569
1290 0.000000139137254
1300 0.000000136500531
1310 0.000000132549011
1320 0.000000129837088
1330 0.000000123271486
1340 0.000000122474419
1350 0.000000120783984
1360 0.000000118216937
1370 0.000000116886506
1380 0.000000113930473
1390 0.000000115352406
1400 0.000000117197328
1410 0.000000120964649
1420 0.000000127199143
1430 0.000000131787652
1440 0.000000134742172
1450 0.000000138823371
1460 0.000000141570909
1470 0.000000137936261
1480 0.000000132006278
1490 0.000000123953934
1500 0.000000119012620
1510 0.000000110283911
1520 0.000000104161308
1530 0.000000097925670
1540 0.000000093912637
1550 0.000000087786730
1560 0.000000081608345
1570 0.000000077684332
1580 0.000000073469066
1590 0.000000068693275
1600 0.000000063571308
1610 0.000000060965819
1620 0.000000056733906
1630 0.000000053941024
1640 0.000000052863436
1650 0.000000051716555
1660 0.000000052075495
1670 0.000000051307266
1680 0.000000050006273
1690 0.000000048810433
1700 0.000000049135997
1710 0.000000048554548
1720 0.000000048543014
1730 0.000000047822302
1740 0.000000047810661
1750 0.000000046683981
1760 0.000000047174718
1770 0.000000047100153
1780 0.000000048102650
1790 0.000000048094259
1800 0.000000049630170
1810 0.000000050634829
1820 0.000000051712430
1830 0.000000054730826
1840 0.000000055363303
1850 0.000000056976812
1860 0.000000057992076
1870 0.000000058802983
1880 0.000000058408345
1890 0.000000058022626
1900 0.000000058632922
1910 0.000000058642033
1920 0.000000058918335
1930 0.000000059355468
1940 0.000000059958198
1950 0.000000060288737
1960 0.000000059419758
1970 0.000000057446404
1980 0.000000056539468
1990 0.000000054684293
2000 0.000000053780148
2000 0.000000053780148
2020 0.000000051017670
2040 0.000000049564898
2060 0.000000047025986
2080 0.000000044554710
2100 0.000000042190046
2120 0.000000039879206
2140 0.000000038837550
2160 0.000000039971186
2180 0.000000042569556
2200 0.000000045205856
2220 0.000000045921236
2240 0.000000046250061
2260 0.000000044602086
2280 0.000000042404749
2300 0.000000038905542
2320 0.000000034612029
2340 0.000000031613944
2360 0.000000028790042
2380 0.000000027646507
2400 0.000000026881713
2420 0.000000027128307
2440 0.000000028013953
2460 0.000000029455768
2480 0.000000031160428
2500 0.000000032552603
2520 0.000000033880586
2540 0.000000035130587
2560 0.000000036549130
2580 0.000000037413375
2600 0.000000037904271
2620 0.000000038189317
2640 0.000000038087459
2660 0.000000037888409
2680 0.000000037526141
2700 0.000000037276778
2720 0.000000036735360
2740 0.000000035922504
2760 0.000000035129141
2780 0.000000034085109
2800 0.000000032708640
2820 0.000000031511544
2840 0.000000030073501
2860 0.000000028581540
2880 0.000000027077675
2900 0.000000025747971
2920 0.000000024263860
2940 0.000000022722903
2960 0.000000021403295
2980 0.000000020355251
3000 0.000000019481322
3020 0.000000018860265
3040 0.000000018388154
3060 0.000000018143038
3080 0.000000017938443
3100 0.000000017933542
3120 0.000000017905986
3140 0.000000018160957
3160 0.000000018556258
3180 0.000000018730691
3200 0.000000019244435
3220 0.000000019680728
3240 0.000000020322592
3260 0.000000020747682
3280 0.000000021164193
3300 0.000000021389164
3320 0.000000021523654
3340 0.000000021614109
3360 0.000000021426789
3380 0.000000021364350
3400 0.000000021249667
3420 0.000000020899998
3440 0.000000020581440
3460 0.000000020163602
3480 0.000000019670834
3500 0.000000019134108
3520 0.000000018446843
3540 0.000000017576051
3560 0.000000017056641
3580 0.000000016303413
3600 0.000000015721686
3620 0.000000014820425
3640 0.000000014010924
3660 0.000000013389861
3680 0.000000012889210
3700 0.000000012302227
3720 0.000000011792658
3740 0.000000011467701
3760 0.000000011164191
3780 0.000000010743205
3800 0.000000010654453
3820 0.000000010426745
3840 0.000000010211213
3860 0.000000010092433
3880 0.000000009911251
3900 0.000000009757992
3920 0.000000009636334
3940 0.000000009576285
3960 0.000000009491640
3980 0.000000009406139
4000 0.000000009330000
4020 0.000000009182586
4040 0.000000009166338
4060 0.000000009115976
4080 0.000000009153264
4100 0.000000009070674
4120 0.000000009024477
4140 0.000000008962517
4160 0.000000008893881
4180 0.000000009000860
4200 0.000000008853141
4220 0.000000008770007
4240 0.000000008832432
4260 0.000000008764969
4280 0.000000008752003
4300 0.000000008719074
4320 0.000000008702421
4340 0.000000008620504
4360 0.000000008702402
4380 0.000000008586438
4400 0.000000008581315
4420 0.000000008573723
4440 0.000000008579897
4460 0.000000008634934
4480 0.000000008539241
4500 0.000000008612441
4520 0.000000008551343
4540 0.000000008508919
4560 0.000000008495550
4580 0.000000008458883
4600 0.000000008519950
4620 0.000000008422510
4640 0.000000008495904
4660 0.000000008436491
4680 0.000000008284574
4700 0.000000008391651
4720 0.000000008358222
4740 0.000000008349464
4760 0.000000008470782
4780 0.000000008390538
4800 0.000000008476518
4820 0.000000008346172
4840 0.000000008419771
4860 0.000000008318787
4880 0.000000008269335
4900 0.000000008339281
4920 0.000000008289764
4940 0.000000008343671
4960 0.000000008308293
4980 0.000000008360424
5000 0.000000008237424
5020 0.000000008262113
5040 0.000000008359325
5060 0.000000008345052
5080 0.000000008271306
5100 0.000000008277918
5120 0.000000008312118
5140 0.000000008329230
5160 0.000000008197482
5180 0.000000008232236
5200 0.000000008261515
5220 0.000000008353452
5240 0.000000008311866
5260 0.000000008282644
5280 0.000000008293171
5300 0.000000008292462
5320 0.000000008261749
5340 0.000000008215757
5360 0.000000008252140
5380 0.000000008196406
5400 0.000000008254147
5420 0.000000008347702
5440 0.000000008215788
5460 0.000000008225417
5480 0.000000008257683
5500 0.000000008304152
