350 0.000008511922132
375 0.000004378534496
380 0.000003779916708
385 0.000003455796054
390 0.000003275853615
395 0.000003180013472
400 0.000003138588957
405 0.000003148423401
410 0.000003124632605
415 0.000003065610623
420 0.000002972814383
425 0.000002919488459
430 0.000002846773180
435 0.000002676407195
440 0.000002483230474
445 0.000002279462157
450 0.000002091115073
455 0.000001849474269
460 0.000001659465317
465 0.000001560151457
470 0.000001461979023
475 0.000001430868760
480 0.000001396361129
485 0.000001372020763
490 0.000001364973986
495 0.000001356944190
500 0.000001405254058
505 0.000001406882156
510 0.000001390572334
515 0.000001458623129
520 0.000001461365794
525 0.000001452365014
530 0.000001444159014
535 0.000001459684582
540 0.000001438027223
545 0.000001467170355
550 0.000001500209265
555 0.000001520862719
560 0.000001535044203
565 0.000001606438847
570 0.000001597663400
575 0.000001680187646
580 0.000001725510067
585 0.000001767961438
590 0.000001927134226
595 0.000001901766014
600 0.000001874401644
605 0.000001769610701
610 0.000001730132949
615 0.000001805730749
620 0.000001797939280
625 0.000001763796919
630 0.000001854384523
635 0.000001812650477
640 0.000001782271981
645 0.000001860143906
650 0.000001827792502
655 0.000001801031942
660 0.000001754597674
665 0.000001849080261
670 0.000001821524933
675 0.000001788627695
680 0.000001867752765
685 0.000001835711049
690 0.000001820153312
695 0.000001896016706
700 0.000001881873335
705 0.000001866373186
710 0.000001859123537
715 0.000001914563008
720 0.000001899971674
725 0.000001869807988
730 0.000001830430574
735 0.000001875879506
740 0.000001829260861
745 0.000001755389126
750 0.000001807515233
755 0.000001713526711
760 0.000001610260554
765 0.000001491497551
770 0.000001531192531
775 0.000001378559556
780 0.000001230732406
785 0.000001133587683
790 0.000001177909777
795 0.000001072698933
800 0.000000985854984
805 0.000000904586117
810 0.000000980671602
815 0.000000912770940
820 0.000000846566878
825 0.000000811646734
830 0.000000867761116
835 0.000000819201288
840 0.000000758376790
845 0.000000712100906
850 0.000000659722173
855 0.000000685540377
860 0.000000655925518
865 0.000000600830510
870 0.000000576515893
875 0.000000576262570
880 0.000000544848292
885 0.000000525993916
890 0.000000511057800
895 0.000000532270330
900 0.000000509873768
905 0.000000494694770
910 0.000000482083984
915 0.000000496665501
920 0.000000477888055
925 0.000000465648062
930 0.000000456651985
935 0.000000469440580
940 0.000000467851628
945 0.000000455921921
950 0.000000435696058
955 0.000000445352414
960 0.000000436357235
965 0.000000411942912
970 0.000000397281839
975 0.000000390680110
980 0.000000371096456
985 0.000000349522177
990 0.000000331588720
995 0.000000322604374
1000 0.000000307797424
1000 0.000000307797424
1010 0.000000299735876
1020 0.000000296879048
1030 0.000000295462509
1040 0.000000298973759
1050 0.000000302864832
1060 0.000000316014375
1070 0.000000330143628
1080 0.000000346765420
1090 0.000000360403708
1100 0.000000378583542
1110 0.000000387835713
1120 0.000000403157696
1130 0.000000394626451
1140 0.000000399820327
1150 0.000000385972208
1160 0.000000379155360
1170 0.000000357659778
1180 0.000000343902820
1190 0.000000331534036
1200 0.000000316967383
1210 0.000000301777070
1220 0.000000301143195
1230 0.000000296411462
1240 0.000000296517442
1250 0.000000290099294
1260 0.000000283351532
1270 0.000000289144278
1280 0.000000276730343
1290 0.000000282700382
1300 0.000000275273170
1310 0.000000274689621
1320 0.000000274570421
1330 0.000000274714087
1340 0.000000270238434
1350 0.000000268945691
1360 0.000000273567469
1370 0.000000267658867
1380 0.000000279321937
1390 0.000000283656239
1400 0.000000280826464
1410 0.000000284982874
1420 0.000000292861553
1430 0.000000293630530
1440 0.000000291907100
1450 0.000000290077054
1460 0.000000286039168
1470 0.000000281808034
1480 0.000000279050344
1490 0.000000268660597
1500 0.000000269155092
1510 0.000000266218470
1520 0.000000260938476
1530 0.000000251460154
1540 0.000000248098135
1550 0.000000242385102
1560 0.000000236395039
1570 0.000000228283856
1580 0.000000219484105
1590 0.000000211126473
1600 0.000000208954529
1610 0.000000201547491
1620 0.000000193735635
1630 0.000000193499475
1640 0.000000191805241
1650 0.000000186969167
1660 0.000000188013073
1670 0.000000188179560
1680 0.000000184981925
1690 0.000000188515915
1700 0.000000182433748
1710 0.000000184361088
1720 0.000000181804617
1730 0.000000185972227
1740 0.000000186639240
1750 0.000000190810371
1760 0.000000191797273
1770 0.000000196782089
1780 0.000000197573301
1790 0.000000198920614
1800 0.000000200173876
1810 0.000000200230907
1820 0.000000202875630
1830 0.000000202401753
1840 0.000000206169238
1850 0.000000209067097
1860 0.000000209529968
1870 0.000000208673219
1880 0.000000209730622
1890 0.000000211734811
1900 0.000000211101449
1910 0.000000208404998
1920 0.000000206854339
1940 0.000000208723433
1950 0.000000205335218
1960 0.000000204463369
1970 0.000000199730318
1980 0.000000196423597
1990 0.000000193691925
2000 0.000000189220295
2000 0.000000189220295
2020 0.000000179373872
2040 0.000000170846823
2060 0.000000162124823
2080 0.000000154451604
2100 0.000000147824296
2120 0.000000141203236
2140 0.000000135873147
2160 0.000000130688241
2180 0.000000127161060
2200 0.000000122434877
2220 0.000000118619854
2240 0.000000123651371
2260 0.000000119450004
2280 0.000000114355866
2300 0.000000109480711
2320 0.000000104580917
2340 0.000000099759005
2360 0.000000095716764
2380 0.000000091013005
2400 0.000000087811395
2420 0.000000085064773
2440 0.000000082916583
2460 0.000000080871861
2480 0.000000080053174
2500 0.000000078738044
2520 0.000000078216376
2540 0.000000077290042
2560 0.000000076598811
2580 0.000000075727410
2600 0.000000075458584
2620 0.000000074262950
2640 0.000000073943960
2660 0.000000072675345
2680 0.000000071819926
2700 0.000000070624604
2720 0.000000069335555
2740 0.000000068324278
2760 0.000000066907223
2780 0.000000065625873
2800 0.000000064168799
2820 0.000000062937993
2840 0.000000061559850
2860 0.000000060180593
2880 0.000000058664124
2900 0.000000057206685
2920 0.000000055998935
2940 0.000000054585197
2960 0.000000053329475
2980 0.000000052135887
3000 0.000000051339700
3020 0.000000050182823
3040 0.000000049384155
3060 0.000000048740114
3080 0.000000048393657
3100 0.000000047832759
3120 0.000000047552319
3140 0.000000047221648
3160 0.000000046913452
3180 0.000000046735552
3200 0.000000046594704
3220 0.000000046553861
3240 0.000000046306122
3260 0.000000046174054
3280 0.000000045996273
3300 0.000000045925277
3320 0.000000045750587
3340 0.000000045490802
3360 0.000000045100892
3380 0.000000045010793
3400 0.000000044633041
3420 0.000000044246271
3440 0.000000044012862
3460 0.000000043668167
3480 0.000000042988288
3500 0.000000042677695
3520 0.000000042351933
3540 0.000000041740178
3560 0.000000041213285
3580 0.000000040609235
3600 0.000000039921303
3620 0.000000039487202
3640 0.000000038829276
3660 0.000000038073637
3680 0.000000037670764
3700 0.000000036787280
3720 0.000000036265003
3740 0.000000035653268
3760 0.000000034912997
3780 0.000000034269593
3800 0.000000033776597
3820 0.000000033133615
3840 0.000000032511570
3860 0.000000032102648
3880 0.000000031577216
3900 0.000000031079621
3920 0.000000030427262
3940 0.000000030057258
3960 0.000000029603599
3980 0.000000029190149
4000 0.000000028876540
4020 0.000000028662307
4040 0.000000028169137
4060 0.000000027592358
4080 0.000000027361630
4100 0.000000026923283
4120 0.000000026778508
4140 0.000000026684075
4160 0.000000026427890
4180 0.000000026213733
4200 0.000000025911211
4220 0.000000025630700
4240 0.000000025522200
4260 0.000000025288730
4280 0.000000025172130
4300 0.000000025033213
4320 0.000000024727358
4340 0.000000024762100
4360 0.000000024607325
4380 0.000000024317277
4400 0.000000024031404
4420 0.000000024090548
4440 0.000000023880888
4460 0.000000023810084
4480 0.000000023870769
4500 0.000000023634803
4520 0.000000023381716
4540 0.000000023572178
4560 0.000000023453067
4580 0.000000023208311
4600 0.000000023060614
4620 0.000000023054671
4640 0.000000022853329
4660 0.000000022818449
4680 0.000000022790277
4700 0.000000022709086
4720 0.000000022609511
4740 0.000000022389517
4760 0.000000022438618
4780 0.000000022430493
4800 0.000000022442341
4820 0.000000022401585
4840 0.000000022408524
4860 0.000000022166977
4880 0.000000022137023
4900 0.000000022150926
4920 0.000000022026328
4940 0.000000022019380
4960 0.000000022084274
4980 0.000000021833586
5000 0.000000021820609
5020 0.000000021691569
5040 0.000000021906119
5060 0.000000021694003
5080 0.000000021770087
5100 0.000000021772483
5120 0.000000021709545
5140 0.000000021656580
5160 0.000000021643181
5180 0.000000021625392
5200 0.000000021664778
5220 0.000000021458677
5240 0.000000021468656
5260 0.000000021452750
5280 0.000000021377568
5300 0.000000021369070
5320 0.000000021316717
5340 0.000000021246742
5360 0.000000021333186
5380 0.000000021287927
5400 0.000000021432705
5420 0.000000021243498
5440 0.000000021319099
5460 0.000000021151961
5480 0.000000021292609
5500 0.000000021085005
