200 0.000008175016798
205 0.000007451326490
210 0.000006644087498
215 0.000007814641013
220 0.000008506508041
225 0.000009919908089
230 0.000011370663960
235 0.000010118397854
240 0.000008807212981
245 0.000008567552728
250 0.000008259860327
255 0.000007647195224
260 0.000006011782083
265 0.000004935914865
270 0.000003952153293
275 0.000002768869042
280 0.000002240913067
285 0.000002071514635
290 0.000001822103446
295 0.000001748391706
300 0.000001598601086
305 0.000001672425410
310 0.000001820298611
315 0.000002203877884
320 0.000002850499307
325 0.000003665954252
330 0.000004173683334
335 0.000004089891168
340 0.000004398500319
345 0.000004432972305
350 0.000004549946163
355 0.000004194970403
360 0.000004059052151
365 0.000003578100124
370 0.000002832882506
375 0.000002211657414
380 0.000001906649867
385 0.000001543161587
390 0.000001433673257
395 0.000001494325584
400 0.000001396419157
405 0.000001236937682
410 0.000001243262117
415 0.000001219188398
420 0.000001275859601
425 0.000001344754476
430 0.000001449800705
435 0.000001346255229
440 0.000001343500353
445 0.000001239006903
450 0.000001188896480
455 0.000001136122458
460 0.000001037545647
465 0.000000949745103
470 0.000001001113207
475 0.000001008338711
480 0.000000978691807
485 0.000001056406461
490 0.000001051802455
495 0.000001021559562
500 0.000001070933761
505 0.000001100632112
510 0.000001193341384
515 0.000001208896959
520 0.000001138591328
525 0.000001074312845
530 0.000000948650080
535 0.000000943593019
540 0.000000883366721
545 0.000000767957518
550 0.000000725552137
555 0.000000754148871
560 0.000000750542111
565 0.000000807367895
570 0.000000836154969
575 0.000000911322365
580 0.000001002476324
585 0.000001167708069
590 0.000001245792637
595 0.000001318805898
600 0.000001275397478
605 0.000001230229207
610 0.000001141602260
615 0.000001046075098
620 0.000000994867415
625 0.000000893660463
630 0.000000881201198
635 0.000000857128138
640 0.000000860905305
645 0.000000846362476
650 0.000000813854396
655 0.000000832278123
660 0.000000801767332
665 0.000000775898499
670 0.000000745261249
675 0.000000726105992
680 0.000000699079367
685 0.000000670803673
690 0.000000693294362
695 0.000000689135936
700 0.000000695043384
705 0.000000703068570
710 0.000000718693754
715 0.000000731138052
720 0.000000679473728
725 0.000000637963826
730 0.000000596004200
735 0.000000577346617
740 0.000000559508060
745 0.000000515434572
750 0.000000494373361
755 0.000000481365634
760 0.000000469552684
765 0.000000435158643
770 0.000000420835499
775 0.000000383801433
780 0.000000363189237
785 0.000000359651485
790 0.000000328848970
795 0.000000324112777
800 0.000000349131105
805 0.000000336975483
810 0.000000358573810
815 0.000000352335577
820 0.000000352268363
825 0.000000356777106
830 0.000000374854036
835 0.000000384265944
840 0.000000371280844
845 0.000000372468161
850 0.000000343901751
855 0.000000323086327
860 0.000000305392747
865 0.000000287439314
870 0.000000256109380
875 0.000000252552340
880 0.000000232993349
885 0.000000225105510
890 0.000000219982432
895 0.000000216560318
900 0.000000226261717
905 0.000000224755191
910 0.000000230691952
915 0.000000238497764
920 0.000000235030154
925 0.000000239402306
930 0.000000236359719
935 0.000000253900777
940 0.000000261048259
945 0.000000274774104
950 0.000000271198051
955 0.000000285296454
960 0.000000310185821
965 0.000000300193361
970 0.000000283560764
975 0.000000270887035
980 0.000000258986145
985 0.000000243712167
990 0.000000234011288
995 0.000000218278237
1000 0.000000207362668
1000 0.000000207362668
1010 0.000000187424309
1020 0.000000167670977
1030 0.000000158030924
1040 0.000000156528408
1050 0.000000150278107
1060 0.000000160778462
1070 0.000000169400254
1080 0.000000174253038
1090 0.000000190077923
1100 0.000000200494353
1110 0.000000216228511
1120 0.000000214518483
1130 0.000000210804416
1140 0.000000209310969
1150 0.000000196881773
1160 0.000000188398104
1170 0.000000183222778
1180 0.000000180082586
1190 0.000000170750537
1200 0.000000159592612
1210 0.000000161096782
1220 0.000000159372884
1230 0.000000163146598
1240 0.000000163536667
1250 0.000000162415532
1260 0.000000160832663
1270 0.000000160830594
1280 0.000000161728037
1290 0.000000157904580
1300 0.000000154762781
1310 0.000000152745758
1320 0.000000151736032
1330 0.000000146901949
1340 0.000000143392215
1350 0.000000141736403
1360 0.000000144154106
1370 0.000000145784278
1380 0.000000147839223
1390 0.000000143224316
1400 0.000000144235492
1410 0.000000148915742
1420 0.000000152235039
1430 0.000000157318249
1440 0.000000161149270
1450 0.000000161898502
1460 0.000000161503966
1470 0.000000157638507
1480 0.000000151188709
1490 0.000000145993051
1500 0.000000138640555
1510 0.000000127471552
1520 0.000000122619908
1530 0.000000115138354
1540 0.000000109111535
1550 0.000000101691134
1560 0.000000098479811
1570 0.000000092682586
1580 0.000000089174578
1590 0.000000082449688
1600 0.000000077967494
1610 0.000000073843578
1620 0.000000070484888
1630 0.000000067804495
1640 0.000000066415281
1650 0.000000064521603
1660 0.000000062952543
1670 0.000000062285491
1680 0.000000063016458
1690 0.000000059336934
1700 0.000000059448458
1710 0.000000058296694
1720 0.000000057821677
1730 0.000000057484326
1740 0.000000057624969
1750 0.000000058045501
1760 0.000000057903090
1770 0.000000058482980
1780 0.000000059194044
1790 0.000000059684826
1800 0.000000060967577
1810 0.000000062078442
1820 0.000000063748653
1830 0.000000065319494
1840 0.000000066786236
1850 0.000000067695124
1860 0.000000067663035
1870 0.000000068402677
1880 0.000000069103391
1890 0.000000069240939
1900 0.000000069505451
1910 0.000000069680778
1920 0.000000070100677
1930 0.000000070083217
1940 0.000000069507749
1950 0.000000069173118
1960 0.000000068950241
1970 0.000000067078451
1980 0.000000065928769
1990 0.000000064566399
2000 0.000000064002015
2000 0.000000064002015
2020 0.000000061021532
2040 0.000000058922487
2060 0.000000056112422
2080 0.000000053875837
2100 0.000000051524398
2120 0.000000049458838
2140 0.000000048781347
2160 0.000000048915341
2180 0.000000050108109
2200 0.000000050942592
2220 0.000000050853179
2240 0.000000050586088
2260 0.000000049847383
2280 0.000000047554182
2300 0.000000045022796
2320 0.000000042170023
2340 0.000000039446766
2360 0.000000037047683
2380 0.000000036031298
2400 0.000000035408827
2420 0.000000035272768
2440 0.000000035723322
2460 0.000000036561422
2480 0.000000037752154
2500 0.000000038985668
2520 0.000000039788525
2540 0.000000040719892
2560 0.000000041538577
2580 0.000000042087073
2600 0.000000042411600
2620 0.000000042442892
2640 0.000000042450586
2660 0.000000042055477
2680 0.000000041535677
2700 0.000000041043935
2720 0.000000040153125
2740 0.000000039357827
2760 0.000000038278860
2780 0.000000037283196
2800 0.000000035874554
2820 0.000000034705751
2840 0.000000033368377
2860 0.000000031991284
2880 0.000000030540419
2900 0.000000029334599
2920 0.000000027695709
2940 0.000000026654267
2960 0.000000025349343
2980 0.000000024139907
3000 0.000000023467093
3020 0.000000022560582
3040 0.000000022124957
3060 0.000000021596072
3080 0.000000021429502
3100 0.000000021112653
3120 0.000000021259149
3140 0.000000021346871
3160 0.000000021387914
3180 0.000000021646049
3200 0.000000021857963
3220 0.000000022051534
3240 0.000000022174864
3260 0.000000022172674
3280 0.000000022373977
3300 0.000000022539814
3320 0.000000022359418
3340 0.000000022323795
3360 0.000000022231024
3380 0.000000021962707
3400 0.000000021659773
3420 0.000000021431870
3440 0.000000021067083
3460 0.000000020744506
3480 0.000000020161255
3500 0.000000019746944
3520 0.000000019159838
3540 0.000000018533827
3560 0.000000017995404
3580 0.000000017322311
3600 0.000000016690438
3620 0.000000016078515
3640 0.000000015468903
3660 0.000000014808013
3680 0.000000014347985
3700 0.000000013742941
3720 0.000000013227741
3740 0.000000012820047
3760 0.000000012453770
3780 0.000000012044148
3800 0.000000011733365
3820 0.000000011465149
3840 0.000000011214808
3860 0.000000010993282
3880 0.000000010830183
3900 0.000000010675702
3920 0.000000010508072
3940 0.000000010351813
3960 0.000000010277619
3980 0.000000010151174
4000 0.000000009988852
4020 0.000000009820375
4040 0.000000009624670
4060 0.000000009640675
4080 0.000000009496429
4100 0.000000009618160
4120 0.000000009301446
4140 0.000000009457286
4160 0.000000009226305
4180 0.000000009294880
4200 0.000000009288556
4220 0.000000009227502
4240 0.000000009076720
4260 0.000000009089358
4280 0.000000009046393
4300 0.000000008990536
4320 0.000000009016902
4340 0.000000008999764
4360 0.000000008883066
4380 0.000000008892887
4400 0.000000008861954
4420 0.000000008753829
4440 0.000000008808472
4460 0.000000008846480
4480 0.000000008795427
4500 0.000000008753018
4520 0.000000008784218
4540 0.000000008617956
4560 0.000000008647828
4580 0.000000008648632
4600 0.000000008681509
4620 0.000000008622589
4640 0.000000008648228
4660 0.000000008648944
4680 0.000000008565282
4700 0.000000008594661
4720 0.000000008476147
4740 0.000000008532953
4760 0.000000008572615
4780 0.000000008639578
4800 0.000000008513220
4820 0.000000008500515
4840 0.000000008564283
4860 0.000000008541484
4880 0.000000008463613
4900 0.000000008519044
4920 0.000000008513177
4940 0.000000008456554
4960 0.000000008502788
4980 0.000000008471293
5000 0.000000008435421
5020 0.000000008409829
5040 0.000000008473039
5060 0.000000008467165
5080 0.000000008488062
5100 0.000000008537186
5120 0.000000008478564
5140 0.000000008318797
5160 0.000000008329979
5180 0.000000008318721
5200 0.000000008400759
5220 0.000000008379909
5240 0.000000008401177
5260 0.000000008439450
5280 0.000000008450305
5300 0.000000008386237
5320 0.000000008332223
5340 0.000000008270191
5360 0.000000008320877
5380 0.000000008497367
5400 0.000000008398843
5420 0.000000008353827
5440 0.000000008401391
5460 0.000000008342517
5480 0.000000008368626
5500 0.000000008424360
