200 0.000006342550389
205 0.000006444462868
210 0.000006722460133
215 0.000006786559333
220 0.000006228176715
225 0.000008049544882
230 0.000009657220524
235 0.000008902393424
240 0.000007934516487
245 0.000007319708700
250 0.000005841888319
255 0.000006006114657
260 0.000004961866558
265 0.000004430978960
270 0.000003120899596
275 0.000002661817673
280 0.000002352742492
285 0.000002133270561
290 0.000002035854526
295 0.000001724092604
300 0.000001580680347
305 0.000001632941531
310 0.000001779896495
315 0.000002212267458
320 0.000002794408704
325 0.000003721836626
330 0.000003876121394
335 0.000004131825231
340 0.000004058904755
345 0.000003999642992
350 0.000003951389534
355 0.000003665329286
360 0.000003534975408
365 0.000002844729081
370 0.000002454365101
375 0.000002021678080
380 0.000001616267566
385 0.000001296306980
390 0.000001248972537
395 0.000001188527536
400 0.000001189273401
405 0.000001210215122
410 0.000001144210359
415 0.000001135796407
420 0.000001166327607
425 0.000001389294978
430 0.000001579302397
435 0.000001623776748
440 0.000001483390256
445 0.000001467990615
450 0.000001289923652
455 0.000001045174746
460 0.000000959618422
465 0.000000933207399
470 0.000000877589388
475 0.000000887068699
480 0.000000929041014
485 0.000001127369469
490 0.000001226015356
495 0.000001113863098
500 0.000001073010630
505 0.000001069265084
510 0.000001080026479
515 0.000001121902895
520 0.000001104459828
525 0.000001095921369
530 0.000001034313814
535 0.000000968933630
540 0.000000906725893
545 0.000000888508690
550 0.000000788226097
555 0.000000786749333
560 0.000000729187287
565 0.000000713426293
570 0.000000685212301
575 0.000000694963073
580 0.000000780478145
585 0.000000936911617
590 0.000001086992319
595 0.000001122430333
600 0.000001134802749
605 0.000001143558393
610 0.000001053078327
615 0.000000932908194
620 0.000000857324461
625 0.000000801462132
630 0.000000757335800
635 0.000000671623052
640 0.000000706732593
645 0.000000745690864
650 0.000000762814659
655 0.000000793692291
660 0.000000836215847
665 0.000000785027609
670 0.000000758408229
675 0.000000709775109
680 0.000000698324719
685 0.000000656742245
690 0.000000644932778
695 0.000000657628267
700 0.000000652470917
705 0.000000612382797
710 0.000000608903554
715 0.000000597307659
720 0.000000565446368
725 0.000000583345926
730 0.000000556851493
735 0.000000526175223
740 0.000000526187543
745 0.000000456568301
750 0.000000481325553
755 0.000000487276390
760 0.000000489395399
765 0.000000452744888
770 0.000000424850057
775 0.000000383510852
780 0.000000367041577
785 0.000000328539874
790 0.000000331552131
795 0.000000324154372
800 0.000000325576209
805 0.000000353941101
810 0.000000350445405
815 0.000000351733262
820 0.000000340920012
825 0.000000343114299
830 0.000000344049965
835 0.000000352113113
840 0.000000327551698
845 0.000000316746619
850 0.000000306674528
855 0.000000297935372
860 0.000000292017402
865 0.000000299622331
870 0.000000277268902
875 0.000000258996063
880 0.000000252870316
885 0.000000248398461
890 0.000000242740099
895 0.000000255479198
900 0.000000262287328
905 0.000000264683418
910 0.000000272664492
915 0.000000271863644
920 0.000000275216163
925 0.000000273547894
930 0.000000283046531
935 0.000000284525745
940 0.000000295799025
945 0.000000298398747
950 0.000000297119100
955 0.000000288538804
960 0.000000289274927
965 0.000000294479258
970 0.000000285866535
975 0.000000280548805
980 0.000000267121451
985 0.000000233918529
990 0.000000228016870
995 0.000000206390287
1000 0.000000193110248
1000 0.000000193110248
1010 0.000000156714929
1020 0.000000143167780
1030 0.000000135332233
1040 0.000000135856053
1050 0.000000135769964
1060 0.000000144563989
1070 0.000000156384923
1080 0.000000157902767
1090 0.000000180816841
1100 0.000000201513696
1110 0.000000201307842
1120 0.000000213040487
1130 0.000000208301572
1140 0.000000198072851
1150 0.000000186791963
1160 0.000000172202609
1170 0.000000170739409
1180 0.000000159924016
1190 0.000000150556521
1200 0.000000151600491
1210 0.000000149487947
1220 0.000000149039470
1230 0.000000150473988
1240 0.000000153108345
1250 0.000000147070161
1260 0.000000146713361
1270 0.000000149654998
1280 0.000000155249091
1290 0.000000160728517
1300 0.000000159266685
1310 0.000000147757434
1320 0.000000147292664
1330 0.000000145432057
1340 0.000000144983722
1350 0.000000142054011
1360 0.000000139782533
1370 0.000000136317076
1380 0.000000133400521
1390 0.000000132011137
1400 0.000000134954081
1410 0.000000135534786
1420 0.000000137618476
1430 0.000000143333449
1440 0.000000144373780
1450 0.000000146577919
1460 0.000000145865546
1470 0.000000143973835
1480 0.000000142624371
1490 0.000000136720121
1500 0.000000130554896
1510 0.000000125091161
1520 0.000000118720458
1530 0.000000112766812
1540 0.000000106202498
1550 0.000000097972728
1560 0.000000091313348
1570 0.000000087867581
1580 0.000000082669364
1590 0.000000077182829
1600 0.000000072531620
1610 0.000000068357849
1620 0.000000063756105
1630 0.000000061400769
1640 0.000000059729986
1650 0.000000058530654
1660 0.000000057548471
1670 0.000000056054214
1680 0.000000055876474
1690 0.000000054790588
1700 0.000000053617076
1710 0.000000053079298
1720 0.000000053049184
1730 0.000000053630572
1740 0.000000052949788
1750 0.000000053170991
1760 0.000000053308611
1770 0.000000052839558
1780 0.000000053232288
1790 0.000000054429609
1800 0.000000055817475
1810 0.000000057485529
1820 0.000000059132815
1830 0.000000060419263
1840 0.000000061978343
1850 0.000000062572230
1860 0.000000063733162
1870 0.000000064851860
1880 0.000000065243100
1890 0.000000064727629
1900 0.000000065394767
1910 0.000000065631705
1920 0.000000065214643
1930 0.000000064823256
1940 0.000000065778346
1950 0.000000065169058
1960 0.000000064913930
1970 0.000000063117228
1980 0.000000062349122
1990 0.000000060764537
2000 0.000000059879740
2000 0.000000059879740
2020 0.000000056627420
2040 0.000000054314513
2060 0.000000052079373
2080 0.000000049799730
2100 0.000000047431367
2120 0.000000045487205
2140 0.000000044467217
2160 0.000000044932904
2180 0.000000046935749
2200 0.000000047889612
2220 0.000000048689011
2240 0.000000048421445
2260 0.000000047470815
2280 0.000000044935838
2300 0.000000042149783
2320 0.000000038668020
2340 0.000000035766518
2360 0.000000033080542
2380 0.000000031992755
2400 0.000000031513754
2420 0.000000031695694
2440 0.000000032669417
2460 0.000000033805240
2480 0.000000035147850
2500 0.000000036373342
2520 0.000000037620014
2540 0.000000038750053
2560 0.000000039682865
2580 0.000000040138306
2600 0.000000040389093
2620 0.000000040768275
2640 0.000000040530048
2660 0.000000040308632
2680 0.000000040051835
2700 0.000000039529483
2720 0.000000038869809
2740 0.000000038076837
2760 0.000000037166046
2780 0.000000035683890
2800 0.000000034529295
2820 0.000000033212341
2840 0.000000032127728
2860 0.000000030519516
2880 0.000000029184014
2900 0.000000027589436
2920 0.000000026434814
2940 0.000000025018430
2960 0.000000023882586
2980 0.000000022610053
3000 0.000000021784556
3020 0.000000021042681
3040 0.000000020525330
3060 0.000000020113793
3080 0.000000019892617
3100 0.000000019800886
3120 0.000000019828956
3140 0.000000019875427
3160 0.000000020278866
3180 0.000000020637468
3200 0.000000020804151
3220 0.000000021140302
3240 0.000000021425735
3260 0.000000021759577
3280 0.000000021777403
3300 0.000000022004706
3320 0.000000022052891
3340 0.000000022094371
3360 0.000000021907834
3380 0.000000021633646
3400 0.000000021515918
3420 0.000000021169932
3440 0.000000020838869
3460 0.000000020335171
3480 0.000000019985493
3500 0.000000019491073
3520 0.000000018808545
3540 0.000000018328316
3560 0.000000017561750
3580 0.000000017058790
3600 0.000000016181571
3620 0.000000015630404
3640 0.000000014941753
3660 0.000000014231441
3680 0.000000013744438
3700 0.000000013221251
3720 0.000000012674914
3740 0.000000012327103
3760 0.000000011865336
3780 0.000000011439432
3800 0.000000011312433
3820 0.000000010999771
3840 0.000000010694749
3860 0.000000010578570
3880 0.000000010398538
3900 0.000000010187855
3920 0.000000010096297
3940 0.000000009974228
3960 0.000000009858104
3980 0.000000009770858
4000 0.000000009657342
4020 0.000000009691960
4040 0.000000009479757
4060 0.000000009415227
4080 0.000000009368421
4100 0.000000009303024
4120 0.000000009198328
4140 0.000000009223512
4160 0.000000009162429
4180 0.000000009084769
4200 0.000000009075467
4220 0.000000009072640
4240 0.000000008981282
4260 0.000000008957729
4280 0.000000008905713
4300 0.000000008937688
4320 0.000000008874872
4340 0.000000008880270
4360 0.000000008777095
4380 0.000000008859000
4400 0.000000008681514
4420 0.000000008730363
4440 0.000000008734349
4460 0.000000008806994
4480 0.000000008796004
4500 0.000000008663492
4520 0.000000008696507
4540 0.000000008552406
4560 0.000000008585074
4580 0.000000008549566
4600 0.000000008621919
4620 0.000000008440488
4640 0.000000008556192
4660 0.000000008561578
4680 0.000000008437118
4700 0.000000008569097
4720 0.000000008493982
4740 0.000000008476619
4760 0.000000008468238
4780 0.000000008449123
4800 0.000000008453424
4820 0.000000008504859
4840 0.000000008379014
4860 0.000000008355307
4880 0.000000008469016
4900 0.000000008458438
4920 0.000000008400399
4940 0.000000008416322
4960 0.000000008549907
4980 0.000000008494981
5000 0.000000008372253
5020 0.000000008398847
5040 0.000000008432617
5060 0.000000008398658
5080 0.000000008382138
5100 0.000000008257509
5120 0.000000008324979
5140 0.000000008412817
5160 0.000000008231406
5180 0.000000008347343
5200 0.000000008408275
5220 0.000000008347442
5240 0.000000008301258
5260 0.000000008294111
5280 0.000000008319063
5300 0.000000008405856
5320 0.000000008332532
5340 0.000000008348244
5360 0.000000008334088
5380 0.000000008302394
5400 0.000000008328210
5420 0.000000008288360
5440 0.000000008269688
5460 0.000000008323352
5480 0.000000008264874
5500 0.000000008290724
