200 0.000006161300329
205 0.000006128066400
210 0.000005043064878
215 0.000005541811731
220 0.000004836785895
225 0.000007143329780
230 0.000008925077443
235 0.000007271911376
240 0.000005839045242
245 0.000005662275710
250 0.000004847645641
255 0.000004392211122
260 0.000003452323357
265 0.000003705264981
270 0.000003295896681
275 0.000002651470251
280 0.000002591596843
285 0.000002423071853
290 0.000002065615629
295 0.000001766939363
300 0.000001602978563
305 0.000001788631350
310 0.000001847197569
315 0.000002209782785
320 0.000003169918201
325 0.000003702495510
330 0.000003387385499
335 0.000003478636429
340 0.000003247512759
345 0.000003105958574
350 0.000003159337823
355 0.000003283340693
360 0.000002873147129
365 0.000002450332062
370 0.000002111793653
375 0.000001691426106
380 0.000001383797899
385 0.000001257469541
390 0.000001223374667
395 0.000001146693367
400 0.000001055520972
405 0.000001114825590
410 0.000001208215282
415 0.000001233314302
420 0.000001261152259
425 0.000001545956363
430 0.000001711273517
435 0.000001576021443
440 0.000001495391304
445 0.000001437740724
450 0.000001222934759
455 0.000001005466064
460 0.000001018865990
465 0.000001127687685
470 0.000000995471581
475 0.000000879652591
480 0.000000940282589
485 0.000000920281449
490 0.000000983819042
495 0.000000982879643
500 0.000001079162649
505 0.000001168710292
510 0.000001241170866
515 0.000001282265633
520 0.000001381786188
525 0.000001259281101
530 0.000001101744155
535 0.000000991954419
540 0.000000898070776
545 0.000000781280720
550 0.000000673818709
555 0.000000579689041
560 0.000000581034522
565 0.000000589206635
570 0.000000573265345
575 0.000000666951636
580 0.000000709046269
585 0.000000832299489
590 0.000000991798875
595 0.000001034097114
600 0.000001025625355
605 0.000000968815125
610 0.000000923306333
615 0.000000831283779
620 0.000000788055340
625 0.000000724704204
630 0.000000674397305
635 0.000000694205206
640 0.000000712846640
645 0.000000758381448
650 0.000000782701180
655 0.000000771358910
660 0.000000741305358
665 0.000000723785685
670 0.000000660774091
675 0.000000589239322
680 0.000000542223063
685 0.000000549409688
690 0.000000528889535
695 0.000000553323583
700 0.000000599588652
705 0.000000629847292
710 0.000000675677741
715 0.000000756740254
720 0.000000698626994
725 0.000000684783100
730 0.000000540214044
735 0.000000505181501
740 0.000000474535552
745 0.000000451306292
750 0.000000424380566
755 0.000000435371026
760 0.000000395408880
765 0.000000378214810
770 0.000000381653568
775 0.000000323971457
780 0.000000269106043
785 0.000000269701915
790 0.000000269101389
795 0.000000264010799
800 0.000000276048416
805 0.000000299616200
810 0.000000309283814
815 0.000000328975365
820 0.000000405462220
825 0.000000415581915
830 0.000000451843916
835 0.000000432861552
840 0.000000418829205
845 0.000000395324183
850 0.000000394587577
855 0.000000391002726
860 0.000000375140451
865 0.000000326354822
870 0.000000301393612
875 0.000000295833212
880 0.000000290721714
885 0.000000281895840
890 0.000000282347121
895 0.000000264609761
900 0.000000258388346
905 0.000000250246740
910 0.000000248539093
915 0.000000249914195
920 0.000000252250976
925 0.000000245922972
930 0.000000250368569
935 0.000000252525044
940 0.000000246300731
945 0.000000265870763
950 0.000000264618153
955 0.000000268369065
960 0.000000279184523
965 0.000000280140161
970 0.000000275133219
975 0.000000271844435
980 0.000000260784994
985 0.000000238453801
990 0.000000229434464
995 0.000000210671114
1000 0.000000183104188
1000 0.000000183104188
1010 0.000000148113994
1020 0.000000132428864
1030 0.000000124686113
1040 0.000000121028306
1050 0.000000119758622
1060 0.000000131597911
1070 0.000000139512653
1080 0.000000145228843
1090 0.000000160598863
1100 0.000000184063547
1110 0.000000190253450
1120 0.000000195781256
1130 0.000000203590806
1140 0.000000195553349
1150 0.000000175235618
1160 0.000000157028317
1170 0.000000150946346
1180 0.000000140098532
1190 0.000000137791099
1200 0.000000138106220
1210 0.000000147136907
1220 0.000000151252104
1230 0.000000152466002
1240 0.000000144260540
1250 0.000000142886939
1260 0.000000143879099
1270 0.000000147432452
1280 0.000000144372779
1290 0.000000144243539
1300 0.000000142960465
1310 0.000000142542993
1320 0.000000135931467
1330 0.000000130376175
1340 0.000000126155689
1350 0.000000120890323
1360 0.000000116645355
1370 0.000000118499395
1380 0.000000117537256
1390 0.000000119010915
1400 0.000000118827435
1410 0.000000124233645
1420 0.000000128604110
1430 0.000000133479412
1440 0.000000139232804
1450 0.000000140549342
1460 0.000000141092843
1470 0.000000137442104
1480 0.000000136799777
1490 0.000000128612983
1500 0.000000122410915
1510 0.000000112814724
1520 0.000000105836014
1530 0.000000099881621
1540 0.000000096238588
1550 0.000000088999914
1560 0.000000084344577
1570 0.000000079626771
1580 0.000000074316329
1590 0.000000070269230
1600 0.000000065376717
1610 0.000000061035724
1620 0.000000057930314
1630 0.000000055472702
1640 0.000000054775144
1650 0.000000052870994
1660 0.000000053849443
1670 0.000000051985847
1680 0.000000050953828
1690 0.000000050358354
1700 0.000000048946206
1710 0.000000049013032
1720 0.000000048461070
1730 0.000000049175731
1740 0.000000048507252
1750 0.000000048701967
1760 0.000000048963648
1770 0.000000048417775
1780 0.000000048770960
1790 0.000000049957999
1800 0.000000050838762
1810 0.000000052322807
1820 0.000000054555456
1830 0.000000055638925
1840 0.000000057334830
1850 0.000000058451957
1860 0.000000059261212
1870 0.000000059122249
1880 0.000000059602011
1890 0.000000059800337
1900 0.000000060133231
1910 0.000000060268791
1920 0.000000061015710
1930 0.000000060924545
1940 0.000000061810976
1950 0.000000060794626
1960 0.000000060366454
1970 0.000000059574777
1980 0.000000057743642
1990 0.000000056695750
2000 0.000000055112293
2000 0.000000055112293
2020 0.000000052548580
2040 0.000000050186533
2060 0.000000047940544
2080 0.000000045549197
2100 0.000000043387977
2120 0.000000040847910
2140 0.000000040202475
2160 0.000000040602273
2180 0.000000042974898
2200 0.000000045466679
2220 0.000000046497126
2240 0.000000046760099
2260 0.000000045224541
2280 0.000000042674134
2300 0.000000039230536
2320 0.000000035523650
2340 0.000000032317970
2360 0.000000030056609
2380 0.000000028331210
2400 0.000000028134716
2420 0.000000028452247
2440 0.000000029123843
2460 0.000000030198923
2480 0.000000032058915
2500 0.000000033220106
2520 0.000000034366947
2540 0.000000035803843
2560 0.000000037243533
2580 0.000000037814902
2600 0.000000038565173
2620 0.000000038490807
2640 0.000000038567332
2660 0.000000038676631
2680 0.000000038152090
2700 0.000000037589387
2720 0.000000036964242
2740 0.000000036455183
2760 0.000000035593985
2780 0.000000034420575
2800 0.000000033485168
2820 0.000000031926913
2840 0.000000030410624
2860 0.000000029006037
2880 0.000000027631929
2900 0.000000026284281
2920 0.000000024691801
2940 0.000000023265031
2960 0.000000021906534
2980 0.000000020879663
3000 0.000000019989149
3020 0.000000019388775
3040 0.000000018881836
3060 0.000000018516449
3080 0.000000018304133
3100 0.000000018353272
3120 0.000000018251978
3140 0.000000018478125
3160 0.000000018704600
3180 0.000000019161316
3200 0.000000019682698
3220 0.000000019946665
3240 0.000000020611483
3260 0.000000020805728
3280 0.000000021373709
3300 0.000000021414430
3320 0.000000021557402
3340 0.000000021602979
3360 0.000000021597874
3380 0.000000021485023
3400 0.000000021241018
3420 0.000000020867277
3440 0.000000020612698
3460 0.000000020235903
3480 0.000000019600470
3500 0.000000019209236
3520 0.000000018555049
3540 0.000000017890039
3560 0.000000017241950
3580 0.000000016499273
3600 0.000000015838213
3620 0.000000014999043
3640 0.000000014338765
3660 0.000000013616152
3680 0.000000013109920
3700 0.000000012460002
3720 0.000000012168491
3740 0.000000011647535
3760 0.000000011166313
3780 0.000000010933767
3800 0.000000010666463
3820 0.000000010460711
3840 0.000000010267524
3860 0.000000010245907
3880 0.000000009987980
3900 0.000000009903034
3920 0.000000009699084
3940 0.000000009686026
3960 0.000000009561275
3980 0.000000009505067
4000 0.000000009421967
4020 0.000000009336535
4040 0.000000009260219
4060 0.000000009245489
4080 0.000000009154060
4100 0.000000009010699
4120 0.000000009073928
4140 0.000000009016375
4160 0.000000008913168
4180 0.000000008876545
4200 0.000000008963099
4220 0.000000008814057
4240 0.000000008788436
4260 0.000000008767324
4280 0.000000008805640
4300 0.000000008723313
4320 0.000000008590246
4340 0.000000008744585
4360 0.000000008704242
4380 0.000000008607761
4400 0.000000008728399
4420 0.000000008669838
4440 0.000000008532509
4460 0.000000008521947
4480 0.000000008583168
4500 0.000000008489604
4520 0.000000008613358
4540 0.000000008551587
4560 0.000000008516979
4580 0.000000008566144
4600 0.000000008451354
4620 0.000000008429763
4640 0.000000008507937
4660 0.000000008326246
4680 0.000000008396128
4700 0.000000008431023
4720 0.000000008433106
4740 0.000000008350468
4760 0.000000008305506
4780 0.000000008333594
4800 0.000000008469890
4820 0.000000008237027
4840 0.000000008341485
4860 0.000000008371443
4880 0.000000008423378
4900 0.000000008361633
4920 0.000000008329640
4940 0.000000008349920
4960 0.000000008417886
4980 0.000000008343866
5000 0.000000008288646
5020 0.000000008337235
5040 0.000000008394195
5060 0.000000008361583
5080 0.000000008250665
5100 0.000000008306789
5120 0.000000008358319
5140 0.000000008263208
5160 0.000000008298318
5180 0.000000008390268
5200 0.000000008304266
5220 0.000000008367786
5240 0.000000008360301
5260 0.000000008295044
5280 0.000000008205820
5300 0.000000008256174
5320 0.000000008263054
5340 0.000000008235782
5360 0.000000008324183
5380 0.000000008338749
5400 0.000000008319590
5420 0.000000008176714
5440 0.000000008318893
5460 0.000000008298538
5480 0.000000008359132
5500 0.000000008298538
