200 0.000007814663487
205 0.000006984327443
210 0.000006378987631
215 0.000007508670243
220 0.000007741810817
225 0.000009743484817
230 0.000010609671853
235 0.000009669116240
240 0.000008680120267
245 0.000008306987307
250 0.000007761368734
255 0.000007065336292
260 0.000005391608582
265 0.000004864175979
270 0.000003644061815
275 0.000002776061510
280 0.000002236895260
285 0.000002179602743
290 0.000001910435321
295 0.000001718919026
300 0.000001583027378
305 0.000001776376831
310 0.000001763535093
315 0.000002134127910
320 0.000002768811699
325 0.000003890099576
330 0.000004070578426
335 0.000004227708663
340 0.000004329817132
345 0.000004198863238
350 0.000004483061931
355 0.000004339048157
360 0.000003909030928
365 0.000003457057929
370 0.000002869051163
375 0.000002156113429
380 0.000001621176593
385 0.000001525287087
390 0.000001503120114
395 0.000001403044557
400 0.000001279376251
405 0.000001261151157
410 0.000001191090530
415 0.000001194315277
420 0.000001294345318
425 0.000001324280459
430 0.000001352819697
435 0.000001411190495
440 0.000001405348019
445 0.000001370005886
450 0.000001258935501
455 0.000001112586063
460 0.000000956752128
465 0.000000972687060
470 0.000000995837401
475 0.000000935308391
480 0.000000973815739
485 0.000001020514435
490 0.000000975050829
495 0.000001045350287
500 0.000001010670829
505 0.000001185715934
510 0.000001232461217
515 0.000001160553907
520 0.000001068711624
525 0.000001018989642
530 0.000000993184934
535 0.000000898524980
540 0.000000830688012
545 0.000000804028146
550 0.000000797616143
555 0.000000769575742
560 0.000000765247148
565 0.000000772359889
570 0.000000800045799
575 0.000000858766856
580 0.000001003577217
585 0.000001049804362
590 0.000001209087067
595 0.000001298495770
600 0.000001195336633
605 0.000001162278612
610 0.000001149945215
615 0.000001037793089
620 0.000000912906420
625 0.000000875370050
630 0.000000854837626
635 0.000000829798599
640 0.000000828882247
645 0.000000820206743
650 0.000000780170716
655 0.000000790809045
660 0.000000770550250
665 0.000000731633631
670 0.000000725680219
675 0.000000717502241
680 0.000000725122849
685 0.000000705792170
690 0.000000697873656
695 0.000000704777183
700 0.000000702911230
705 0.000000717389729
710 0.000000718315315
715 0.000000662899487
720 0.000000657565504
725 0.000000619935968
730 0.000000572107755
735 0.000000541357691
740 0.000000505061116
745 0.000000512564270
750 0.000000489774322
755 0.000000478337368
760 0.000000447579487
765 0.000000423585840
770 0.000000423656121
775 0.000000394133369
780 0.000000355279979
785 0.000000351033096
790 0.000000366229306
795 0.000000338486650
800 0.000000336816193
805 0.000000337218573
810 0.000000346666581
815 0.000000340571443
820 0.000000362685431
825 0.000000375460893
830 0.000000381937611
835 0.000000391093993
840 0.000000365139164
845 0.000000351169408
850 0.000000329663974
855 0.000000306733323
860 0.000000282555219
865 0.000000265386802
870 0.000000255710843
875 0.000000231524680
880 0.000000229383014
885 0.000000241045359
890 0.000000225738200
895 0.000000235245114
900 0.000000241230511
905 0.000000239984107
910 0.000000236453397
915 0.000000237921382
920 0.000000246976707
925 0.000000244693653
930 0.000000243396397
935 0.000000259331988
940 0.000000277563683
945 0.000000297799771
950 0.000000310440311
955 0.000000298538952
960 0.000000286632698
965 0.000000294565798
970 0.000000280529691
975 0.000000275167820
980 0.000000259677667
985 0.000000242821935
990 0.000000226616496
995 0.000000219552930
1000 0.000000196840564
1000 0.000000196840564
1010 0.000000181552512
1020 0.000000160516456
1030 0.000000146835398
1040 0.000000146372383
1050 0.000000149158868
1060 0.000000156076620
1070 0.000000157633772
1080 0.000000172946658
1090 0.000000191253557
1100 0.000000199036290
1110 0.000000203637092
1120 0.000000208470411
1130 0.000000205811148
1140 0.000000217429093
1150 0.000000201895506
1160 0.000000186956262
1170 0.000000177722244
1180 0.000000170462932
1190 0.000000167091439
1200 0.000000153166087
1210 0.000000157741749
1220 0.000000161843150
1230 0.000000164181572
1240 0.000000158324485
1250 0.000000158470464
1260 0.000000159894740
1270 0.000000158485737
1280 0.000000155366988
1290 0.000000153671849
1300 0.000000153067591
1310 0.000000148520723
1320 0.000000146895898
1330 0.000000145925884
1340 0.000000149488376
1350 0.000000152166780
1360 0.000000150757708
1370 0.000000141342145
1380 0.000000139283489
1390 0.000000142239289
1400 0.000000143701348
1410 0.000000149361803
1420 0.000000151516445
1430 0.000000154172337
1440 0.000000159273929
1450 0.000000156460554
1460 0.000000156547967
1470 0.000000154011758
1480 0.000000146137652
1490 0.000000137715675
1500 0.000000134645910
1510 0.000000126312400
1520 0.000000120489290
1530 0.000000114244211
1540 0.000000109876809
1550 0.000000104489487
1560 0.000000096275668
1570 0.000000091763511
1580 0.000000086252629
1590 0.000000081185812
1600 0.000000076660688
1610 0.000000073857343
1620 0.000000069007968
1630 0.000000066928299
1640 0.000000063144111
1650 0.000000063467100
1660 0.000000061474501
1670 0.000000061591801
1680 0.000000060077842
1690 0.000000058809876
1700 0.000000058081757
1710 0.000000056675477
1720 0.000000056838623
1730 0.000000056848160
1740 0.000000056137214
1750 0.000000056567186
1760 0.000000057007801
1770 0.000000057568000
1780 0.000000057825423
1790 0.000000058178135
1800 0.000000059496822
1810 0.000000061306728
1820 0.000000063036982
1830 0.000000065388443
1840 0.000000065746130
1850 0.000000065403550
1860 0.000000066854941
1870 0.000000067578585
1880 0.000000067678339
1890 0.000000067989962
1900 0.000000068727862
1910 0.000000068248920
1920 0.000000068526057
1930 0.000000069297843
1940 0.000000068812546
1950 0.000000068356497
1960 0.000000067534455
1970 0.000000066689483
1980 0.000000065459198
1990 0.000000063683145
2000 0.000000062882264
2000 0.000000062882264
2020 0.000000059900860
2040 0.000000057701951
2060 0.000000054549421
2080 0.000000052774021
2100 0.000000050303533
2120 0.000000048454592
2140 0.000000047631584
2160 0.000000048054600
2180 0.000000049219313
2200 0.000000049983403
2220 0.000000050559353
2240 0.000000050451896
2260 0.000000048948067
2280 0.000000046520146
2300 0.000000044198137
2320 0.000000041332755
2340 0.000000038425436
2360 0.000000036124107
2380 0.000000035098668
2400 0.000000034023378
2420 0.000000034182614
2440 0.000000035062127
2460 0.000000035763477
2480 0.000000037101538
2500 0.000000038256807
2520 0.000000039084954
2540 0.000000039994127
2560 0.000000041234029
2580 0.000000041824138
2600 0.000000041942069
2620 0.000000042155944
2640 0.000000042062704
2660 0.000000041785657
2680 0.000000041303733
2700 0.000000040534045
2720 0.000000039802783
2740 0.000000038947287
2760 0.000000038044697
2780 0.000000036705026
2800 0.000000035621072
2820 0.000000034333088
2840 0.000000032999787
2860 0.000000031614811
2880 0.000000030101418
2900 0.000000028942548
2920 0.000000027644228
2940 0.000000026279633
2960 0.000000025007112
2980 0.000000023939684
3000 0.000000022933017
3020 0.000000022249347
3040 0.000000021547867
3060 0.000000021295762
3080 0.000000020965565
3100 0.000000020848676
3120 0.000000020864195
3140 0.000000020927481
3160 0.000000021206997
3180 0.000000021364674
3200 0.000000021558676
3220 0.000000021722031
3240 0.000000022098686
3260 0.000000022184125
3280 0.000000022183931
3300 0.000000022426589
3320 0.000000022318333
3340 0.000000022205325
3360 0.000000022063012
3380 0.000000021884841
3400 0.000000021615807
3420 0.000000021377491
3440 0.000000020966407
3460 0.000000020597514
3480 0.000000020140408
3500 0.000000019663906
3520 0.000000019006198
3540 0.000000018407377
3560 0.000000017818122
3580 0.000000017304213
3600 0.000000016638727
3620 0.000000015954117
3640 0.000000015356900
3660 0.000000014759345
3680 0.000000014173481
3700 0.000000013617751
3720 0.000000013144550
3740 0.000000012637330
3760 0.000000012281228
3780 0.000000011906047
3800 0.000000011591154
3820 0.000000011309966
3840 0.000000011103479
3860 0.000000010816658
3880 0.000000010675597
3900 0.000000010522830
3920 0.000000010370526
3940 0.000000010179136
3960 0.000000010095539
3980 0.000000009960492
4000 0.000000009884920
4020 0.000000009878665
4040 0.000000009643963
4060 0.000000009674803
4080 0.000000009555001
4100 0.000000009391284
4120 0.000000009433143
4140 0.000000009329580
4160 0.000000009291806
4180 0.000000009207085
4200 0.000000009289596
4220 0.000000009220019
4240 0.000000009093845
4260 0.000000009017078
4280 0.000000008987129
4300 0.000000008946733
4320 0.000000008925796
4340 0.000000008958144
4360 0.000000008927545
4380 0.000000008833890
4400 0.000000008836566
4420 0.000000008806997
4440 0.000000008814129
4460 0.000000008829034
4480 0.000000008720494
4500 0.000000008790477
4520 0.000000008713103
4540 0.000000008659458
4560 0.000000008673007
4580 0.000000008636983
4600 0.000000008567445
4620 0.000000008648883
4640 0.000000008674835
4660 0.000000008577707
4680 0.000000008651950
4700 0.000000008623582
4720 0.000000008454717
4740 0.000000008525843
4760 0.000000008494515
4780 0.000000008640498
4800 0.000000008612360
4820 0.000000008494867
4840 0.000000008529266
4860 0.000000008507455
4880 0.000000008462351
4900 0.000000008589007
4920 0.000000008454063
4940 0.000000008328411
4960 0.000000008492708
4980 0.000000008491925
5000 0.000000008375131
5020 0.000000008422048
5040 0.000000008349419
5060 0.000000008403651
5080 0.000000008378488
5100 0.000000008542477
5120 0.000000008429414
5140 0.000000008517814
5160 0.000000008368722
5180 0.000000008440054
5200 0.000000008384751
5220 0.000000008386115
5240 0.000000008389782
5260 0.000000008232268
5280 0.000000008361370
5300 0.000000008373290
5320 0.000000008235021
5340 0.000000008349426
5360 0.000000008271773
5380 0.000000008441604
5400 0.000000008371990
5420 0.000000008335860
5440 0.000000008377359
5460 0.000000008441469
5480 0.000000008305385
5500 0.000000008288484
