200 0.000016470019405
205 0.000015369919961
210 0.000016738199715
215 0.000016791671364
220 0.000016863849545
225 0.000017414055578
230 0.000017220369186
235 0.000016213469174
240 0.000015076564896
245 0.000014477348211
250 0.000015465990007
255 0.000015460045151
260 0.000014070785834
265 0.000010991146336
270 0.000010129049423
275 0.000008795749448
280 0.000007837627540
285 0.000006657480586
290 0.000005180062333
295 0.000004098473609
300 0.000003886388913
305 0.000003963108781
310 0.000004641816110
315 0.000005243499354
320 0.000006339770600
325 0.000006479766146
330 0.000006761325331
335 0.000006354085884
340 0.000005913674232
345 0.000005713668935
350 0.000005330878571
355 0.000005119625618
360 0.000004504993913
365 0.000003980384640
370 0.000003439519189
375 0.000002678333074
380 0.000002359739337
385 0.000002121090333
390 0.000002145658657
395 0.000002078314544
400 0.000002141629000
405 0.000002275315232
410 0.000002356077061
415 0.000002313454123
420 0.000002430142874
425 0.000002444098197
430 0.000002547348397
435 0.000002657332031
440 0.000002457985534
445 0.000002151568484
450 0.000001924891310
455 0.000001760015266
460 0.000001602885329
465 0.000001457323285
470 0.000001300756492
475 0.000001249924281
480 0.000001272741288
485 0.000001332927947
490 0.000001369499733
495 0.000001390924352
500 0.000001350565717
505 0.000001324915443
510 0.000001361146264
515 0.000001345606357
520 0.000001318103123
525 0.000001365448623
530 0.000001343714218
535 0.000001328605201
540 0.000001297994771
545 0.000001298753877
550 0.000001289091460
555 0.000001264980214
560 0.000001234136227
565 0.000001249137558
570 0.000001314893193
575 0.000001391773197
580 0.000001535632620
585 0.000001569990413
590 0.000001700762751
595 0.000001761652179
600 0.000001767781057
605 0.000001693926644
610 0.000001730339336
615 0.000001605017893
620 0.000001593200703
625 0.000001545646309
630 0.000001509494108
635 0.000001566323831
640 0.000001498407915
645 0.000001512245889
650 0.000001533982338
655 0.000001397974092
660 0.000001312765943
665 0.000001215551870
670 0.000001227122072
675 0.000001198454056
680 0.000001153324947
685 0.000001232351558
690 0.000001241969308
695 0.000001411139129
700 0.000001552616560
705 0.000001576945450
710 0.000001639440252
715 0.000001634809407
720 0.000001647125950
725 0.000001614727702
730 0.000001584191220
735 0.000001565483306
740 0.000001485604067
745 0.000001400138291
750 0.000001352885117
755 0.000001321250940
760 0.000001192881567
765 0.000001119278357
770 0.000001023718388
775 0.000000879699576
780 0.000000776591681
785 0.000000674987971
790 0.000000624704978
795 0.000000571914633
800 0.000000529930238
805 0.000000524218190
810 0.000000533212945
815 0.000000552669438
820 0.000000574158673
825 0.000000600594789
830 0.000000576206590
835 0.000000563116050
840 0.000000563194683
845 0.000000513278715
850 0.000000508464558
855 0.000000459217492
860 0.000000424148083
865 0.000000400866223
870 0.000000372216962
875 0.000000356875483
880 0.000000353777528
885 0.000000347192284
890 0.000000337889466
895 0.000000333747227
900 0.000000328824426
905 0.000000335012321
910 0.000000344379599
915 0.000000347694964
920 0.000000350843583
925 0.000000353063649
930 0.000000352041279
935 0.000000361943676
940 0.000000351636062
945 0.000000375855011
950 0.000000375118416
955 0.000000365306890
960 0.000000364524135
965 0.000000342243288
970 0.000000346361034
975 0.000000329854731
980 0.000000327843759
985 0.000000310614850
990 0.000000290178889
995 0.000000275412094
1000 0.000000259774911
1000 0.000000259774911
1010 0.000000232540568
1020 0.000000227751475
1030 0.000000222005877
1040 0.000000243798659
1050 0.000000268829363
1060 0.000000286412160
1070 0.000000323319860
1080 0.000000349994542
1090 0.000000358101787
1100 0.000000391007062
1110 0.000000406003934
1120 0.000000401700988
1130 0.000000396268563
1140 0.000000392598145
1150 0.000000380622542
1160 0.000000342370078
1170 0.000000320972002
1180 0.000000294782794
1190 0.000000276794049
1200 0.000000271250976
1210 0.000000279646841
1220 0.000000272744445
1230 0.000000266594814
1240 0.000000266307095
1250 0.000000263624838
1260 0.000000258343297
1270 0.000000257026243
1280 0.000000260055472
1290 0.000000257639951
1300 0.000000254855661
1310 0.000000248132663
1320 0.000000236753959
1330 0.000000230955343
1340 0.000000220959215
1350 0.000000208254284
1360 0.000000205129139
1370 0.000000199939435
1380 0.000000193896578
1390 0.000000193478062
1400 0.000000196971504
1410 0.000000201249695
1420 0.000000208762247
1430 0.000000215901166
1440 0.000000222414780
1450 0.000000231339066
1460 0.000000233368698
1470 0.000000231518604
1480 0.000000229223443
1490 0.000000226124702
1500 0.000000222446566
1510 0.000000216566556
1520 0.000000211330475
1530 0.000000203841941
1540 0.000000196904107
1550 0.000000190049791
1560 0.000000181220314
1570 0.000000177090022
1580 0.000000167929867
1590 0.000000163453316
1600 0.000000157045736
1610 0.000000152974962
1620 0.000000147528943
1630 0.000000144475368
1640 0.000000140741129
1650 0.000000138373513
1660 0.000000137571852
1670 0.000000134784382
1680 0.000000133125453
1690 0.000000128628296
1700 0.000000126570432
1710 0.000000125773301
1720 0.000000126306270
1730 0.000000127314826
1740 0.000000128050253
1750 0.000000129227323
1760 0.000000131516506
1770 0.000000134087971
1780 0.000000137632543
1790 0.000000140926989
1800 0.000000145427068
1810 0.000000149387264
1820 0.000000153441653
1830 0.000000157402164
1840 0.000000161808869
1850 0.000000165005203
1860 0.000000166794458
1870 0.000000168650847
1880 0.000000169716771
1890 0.000000172170889
1900 0.000000172887844
1910 0.000000174122103
1920 0.000000173575666
1930 0.000000174512117
1940 0.000000173234698
1950 0.000000171819642
1960 0.000000169049459
1970 0.000000165461201
1980 0.000000161483342
1990 0.000000156848173
2000 0.000000152736576
2000 0.000000152736576
2020 0.000000141195475
2040 0.000000131293674
2060 0.000000122646084
2080 0.000000114054723
2100 0.000000109110122
2120 0.000000104471750
2140 0.000000101955925
2160 0.000000101348839
2180 0.000000101429497
2200 0.000000100911664
2220 0.000000100019200
2240 0.000000101063680
2260 0.000000097790487
2280 0.000000093375877
2300 0.000000087773866
2320 0.000000082165833
2340 0.000000075746525
2360 0.000000070301937
2380 0.000000065621932
2400 0.000000062547976
2420 0.000000060393457
2440 0.000000059665555
2460 0.000000059671834
2480 0.000000059806381
2500 0.000000060362592
2520 0.000000061311208
2540 0.000000061715298
2560 0.000000062491179
2580 0.000000063176441
2600 0.000000063327152
2620 0.000000063362493
2640 0.000000063459892
2660 0.000000062966223
2680 0.000000062871855
2700 0.000000061864849
2720 0.000000061152719
2740 0.000000060232537
2760 0.000000058857315
2780 0.000000057871097
2800 0.000000056489164
2820 0.000000054788432
2840 0.000000053574450
2860 0.000000051622378
2880 0.000000050126316
2900 0.000000048302493
2920 0.000000046843755
2940 0.000000045115636
2960 0.000000043378803
2980 0.000000041986384
3000 0.000000040800524
3020 0.000000039855361
3040 0.000000039189618
3060 0.000000038883502
3080 0.000000038634097
3100 0.000000038611761
3120 0.000000038862394
3140 0.000000039324222
3160 0.000000039658569
3180 0.000000040364152
3200 0.000000040789262
3220 0.000000041449125
3240 0.000000042039228
3260 0.000000042470772
3280 0.000000042918791
3300 0.000000042848312
3320 0.000000043012230
3340 0.000000043173267
3360 0.000000043021823
3380 0.000000043275333
3400 0.000000043061047
3420 0.000000042762456
3440 0.000000042440626
3460 0.000000042219352
3480 0.000000041849699
3500 0.000000041263349
3520 0.000000040772708
3540 0.000000040184287
3560 0.000000039437862
3580 0.000000038784867
3600 0.000000038044919
3620 0.000000037247917
3640 0.000000036355107
3660 0.000000035520901
3680 0.000000034799064
3700 0.000000034002698
3720 0.000000032979448
3740 0.000000032433345
3760 0.000000031642731
3780 0.000000030938080
3800 0.000000030109549
3820 0.000000029551731
3840 0.000000028664588
3860 0.000000028449763
3880 0.000000027935346
3900 0.000000027431617
3920 0.000000026969099
3940 0.000000026703512
3960 0.000000026400787
3980 0.000000025896380
4000 0.000000025814050
4020 0.000000025378957
4040 0.000000024943661
4060 0.000000024897040
4080 0.000000024638960
4100 0.000000024282965
4120 0.000000024286844
4140 0.000000023840443
4160 0.000000023873062
4180 0.000000023698908
4200 0.000000023410419
4220 0.000000023367878
4240 0.000000023325431
4260 0.000000023153382
4280 0.000000022958154
4300 0.000000022874452
4320 0.000000022872039
4340 0.000000022805630
4360 0.000000022626312
4380 0.000000022616091
4400 0.000000022295898
4420 0.000000022206960
4440 0.000000022124127
4460 0.000000022251396
4480 0.000000021909662
4500 0.000000022132107
4520 0.000000021987588
4540 0.000000021846167
4560 0.000000021937979
4580 0.000000021837924
4600 0.000000021771353
4620 0.000000021772382
4640 0.000000021669624
4660 0.000000021628914
4680 0.000000021611539
4700 0.000000021537747
4720 0.000000021349275
4740 0.000000021441256
4760 0.000000021378238
4780 0.000000021410202
4800 0.000000021318894
4820 0.000000021318787
4840 0.000000021303011
4860 0.000000021206267
4880 0.000000021217439
4900 0.000000021201068
4920 0.000000021218888
4940 0.000000021068481
4960 0.000000021241208
4980 0.000000021039926
5000 0.000000021063033
5020 0.000000021033658
5040 0.000000020998514
5060 0.000000020922302
5080 0.000000020913392
5100 0.000000020977106
5120 0.000000020945713
5140 0.000000020926469
5160 0.000000020902087
5180 0.000000020854127
5200 0.000000020928709
5220 0.000000020985253
5240 0.000000020737609
5260 0.000000020884663
5280 0.000000020912152
5300 0.000000020818643
5320 0.000000020679025
5340 0.000000020586613
5360 0.000000020715170
5380 0.000000020572154
5400 0.000000020662926
5420 0.000000020566138
5440 0.000000020626533
5460 0.000000020572147
5480 0.000000020640137
5500 0.000000020710269
