370 0.000006284343835
375 0.000005799331174
380 0.000005157130126
385 0.000004661879382
390 0.000004342600128
395 0.000003981974066
400 0.000003572747735
405 0.000003303088087
410 0.000003060768396
415 0.000002848342351
420 0.000002712853796
425 0.000002595333584
430 0.000002600244560
435 0.000002560904481
440 0.000002516116695
445 0.000002461553094
450 0.000002476971557
455 0.000002426776858
460 0.000002414278378
465 0.000002435153650
470 0.000002449578821
475 0.000002507502027
480 0.000002476994666
485 0.000002506404693
490 0.000002506841835
495 0.000002513607167
500 0.000002490527223
505 0.000002464092824
510 0.000002441233745
515 0.000002378122965
520 0.000002387007750
525 0.000002297639475
530 0.000002252076362
535 0.000002131989287
540 0.000002062406977
545 0.000001933003624
550 0.000001903430479
555 0.000001857302510
560 0.000001849365730
565 0.000001833038152
570 0.000001782049866
575 0.000001793401328
580 0.000001779137152
585 0.000001800950993
590 0.000001806064972
595 0.000001814763844
600 0.000001796465749
605 0.000001660251300
610 0.000001639583039
615 0.000001613175936
620 0.000001572582384
625 0.000001536047445
630 0.000001519851328
635 0.000001489746810
640 0.000001461026108
645 0.000001448110078
650 0.000001423442583
655 0.000001388689106
660 0.000001365546704
665 0.000001317100620
670 0.000001268592674
675 0.000001203555615
680 0.000001124830957
685 0.000001076095394
690 0.000001007371801
695 0.000000945996165
700 0.000000869089112
705 0.000000818251388
710 0.000000778221435
715 0.000000732556573
720 0.000000686430399
725 0.000000652233425
730 0.000000630288934
735 0.000000615128484
740 0.000000604041600
745 0.000000582971191
750 0.000000572751922
755 0.000000561293885
760 0.000000555874694
765 0.000000558132333
770 0.000000556436609
775 0.000000564093830
780 0.000000570235781
785 0.000000578368441
790 0.000000578839490
795 0.000000585432531
800 0.000000582399813
805 0.000000590080405
810 0.000000591777632
815 0.000000593151107
820 0.000000598937371
825 0.000000592612329
830 0.000000589552575
835 0.000000579057103
840 0.000000573698512
845 0.000000562247420
850 0.000000556397174
855 0.000000543058807
860 0.000000521899638
865 0.000000510581182
870 0.000000495512552
875 0.000000486674351
880 0.000000472679615
885 0.000000454922837
890 0.000000446449947
895 0.000000438659637
900 0.000000421556803
905 0.000000408359426
910 0.000000404151397
915 0.000000390019714
920 0.000000385946663
925 0.000000379583285
930 0.000000376063100
935 0.000000369024550
940 0.000000364016932
945 0.000000358827447
950 0.000000357047007
955 0.000000352031660
960 0.000000347824552
965 0.000000349490372
970 0.000000345173624
975 0.000000344058804
980 0.000000344431968
985 0.000000338742750
990 0.000000336966863
995 0.000000331672016
1000 0.000000330283973
1000 0.000000330283973
1010 0.000000318419779
1020 0.000000307271555
1030 0.000000297998167
1040 0.000000288068977
1050 0.000000272889198
1060 0.000000264298145
1070 0.000000257598053
1080 0.000000252672050
1090 0.000000247213776
1100 0.000000249287680
1110 0.000000245003428
1120 0.000000244824978
1130 0.000000242912782
1140 0.000000243361248
1150 0.000000246326209
1160 0.000000246811634
1170 0.000000251244882
1180 0.000000256989430
1190 0.000000255450794
1200 0.000000250831817
1210 0.000000243936150
1220 0.000000241872132
1230 0.000000238786597
1240 0.000000236902925
1250 0.000000232908254
1260 0.000000227811709
1270 0.000000227081694
1280 0.000000229033438
1290 0.000000229616811
1300 0.000000229799429
1310 0.000000227172552
1320 0.000000226428140
1330 0.000000224721475
1340 0.000000225571584
1350 0.000000223452908
1360 0.000000223421124
1370 0.000000220808028
1380 0.000000218215369
1390 0.000000217694752
1400 0.000000212439001
1410 0.000000205132080
1420 0.000000197059115
1430 0.000000191846407
1440 0.000000185889405
1450 0.000000185325029
1460 0.000000177618571
1470 0.000000173908379
1480 0.000000169052819
1490 0.000000162855809
1500 0.000000159497678
1510 0.000000149952492
1520 0.000000142569647
1530 0.000000137382145
1540 0.000000131424762
1550 0.000000128053069
1560 0.000000123897876
1570 0.000000117611146
1580 0.000000113945233
1590 0.000000109669388
1600 0.000000105395651
1610 0.000000101574016
1620 0.000000098800219
1630 0.000000097161121
1640 0.000000094894526
1650 0.000000092963788
1660 0.000000092548194
1670 0.000000089379050
1680 0.000000089384509
1690 0.000000087445676
1700 0.000000086055505
1710 0.000000085453749
1720 0.000000084577478
1730 0.000000083396775
1740 0.000000082169199
1750 0.000000081686560
1760 0.000000080051938
1770 0.000000078840893
1780 0.000000079817318
1790 0.000000078659792
1800 0.000000077377503
1810 0.000000077026301
1820 0.000000074631679
1830 0.000000073448081
1840 0.000000072292301
1850 0.000000071583238
1860 0.000000071134306
1870 0.000000069804003
1880 0.000000069064730
1890 0.000000068164328
1900 0.000000067419489
1910 0.000000066166389
1920 0.000000067010502
1930 0.000000066215109
1940 0.000000065425023
1950 0.000000065582223
1960 0.000000065077944
1970 0.000000064652507
1980 0.000000064485344
1990 0.000000064907400
2000 0.000000065486863
2000 0.000000065486863
2020 0.000000065530451
2040 0.000000065520866
2060 0.000000065861132
2080 0.000000067682430
2100 0.000000067373876
2120 0.000000066203449
2140 0.000000065868696
2160 0.000000065207850
2180 0.000000064242690
2200 0.000000064557924
2220 0.000000065011584
2240 0.000000064390495
2260 0.000000064318717
2280 0.000000063823599
2300 0.000000064758057
2320 0.000000064535281
2340 0.000000064675649
2360 0.000000064747506
2380 0.000000064642035
2400 0.000000064877328
2420 0.000000065089653
2440 0.000000065221482
2460 0.000000065553910
2480 0.000000064823338
2500 0.000000064768324
2520 0.000000063983933
2540 0.000000063553499
2560 0.000000063153830
2580 0.000000062472198
2600 0.000000061956706
2620 0.000000061031398
2640 0.000000060075938
2660 0.000000059066383
2680 0.000000057834577
2700 0.000000056520823
2720 0.000000055487678
2740 0.000000054307680
2760 0.000000053298236
2780 0.000000052283126
2800 0.000000050775292
2820 0.000000050005725
2840 0.000000048807447
2860 0.000000047526362
2880 0.000000046473376
2900 0.000000045245965
2920 0.000000044099068
2940 0.000000042950070
2960 0.000000042043381
2980 0.000000041036022
3000 0.000000040182999
3020 0.000000039151768
3040 0.000000038328843
3060 0.000000037245747
3080 0.000000036413637
3100 0.000000035463521
3120 0.000000034998943
3140 0.000000034174315
3160 0.000000033579085
3180 0.000000032812619
3200 0.000000032172977
3220 0.000000031498537
3240 0.000000030823029
3260 0.000000030303576
3280 0.000000029666169
3300 0.000000029031940
3320 0.000000028488747
3340 0.000000027837051
3360 0.000000027403408
3380 0.000000026864665
3400 0.000000026331039
3420 0.000000025918566
3440 0.000000025488394
3460 0.000000025098488
3480 0.000000024542451
3500 0.000000024161003
3520 0.000000023665662
3540 0.000000023328288
3560 0.000000022928724
3580 0.000000022523472
3600 0.000000022177379
3620 0.000000021780922
3640 0.000000021477997
3660 0.000000021275449
3680 0.000000020940315
3700 0.000000020648050
3720 0.000000020309804
3740 0.000000019946553
3760 0.000000019816668
3780 0.000000019526634
3800 0.000000019238229
3820 0.000000019089853
3840 0.000000018836763
3860 0.000000018652426
3880 0.000000018497742
3900 0.000000018239487
3920 0.000000018096517
3940 0.000000018099756
3960 0.000000017727196
3980 0.000000017578865
4000 0.000000017474474
4020 0.000000017460095
4040 0.000000017231249
4060 0.000000017137652
4080 0.000000016961560
4100 0.000000016721602
4120 0.000000016872931
4140 0.000000016592135
4160 0.000000016509207
4180 0.000000016522712
4200 0.000000016433087
4220 0.000000016335915
4240 0.000000016081713
4260 0.000000016127015
4280 0.000000016127334
4300 0.000000016059588
4320 0.000000015841040
4340 0.000000015946083
4360 0.000000015707735
4380 0.000000015776864
4400 0.000000015705418
4420 0.000000015609485
4440 0.000000015583820
4460 0.000000015587604
4480 0.000000015484160
4500 0.000000015514689
4520 0.000000015372925
4540 0.000000015281151
4560 0.000000015382056
4580 0.000000015229636
4600 0.000000015273775
4620 0.000000015206167
4640 0.000000015203032
4660 0.000000015095322
4680 0.000000015085470
4700 0.000000015110788
4720 0.000000015051950
4740 0.000000014993180
4760 0.000000015105384
4780 0.000000015024174
4800 0.000000015089512
4820 0.000000014902039
4840 0.000000014896535
4860 0.000000014860118
4880 0.000000014928828
4900 0.000000014860291
4920 0.000000014713838
4940 0.000000014787906
4960 0.000000014753646
4980 0.000000014657788
5000 0.000000014748518
5020 0.000000014652438
5040 0.000000014656193
5060 0.000000014679160
5080 0.000000014632876
5100 0.000000014583983
5120 0.000000014765783
5140 0.000000014536592
5160 0.000000014667805
5180 0.000000014450254
5200 0.000000014564194
5220 0.000000014552859
5240 0.000000014550758
5260 0.000000014542282
5280 0.000000014610007
5300 0.000000014461295
5320 0.000000014537137
5340 0.000000014542101
5360 0.000000014434162
5380 0.000000014539605
5400 0.000000014532671
5420 0.000000014446044
5440 0.000000014559262
5460 0.000000014490662
5480 0.000000014590010
5500 0.000000014483929
