200 0.000005754519565
205 0.000004732044640
210 0.000004809588501
215 0.000004988362722
220 0.000005017572455
225 0.000006847118906
230 0.000008164959381
235 0.000006053244118
240 0.000005329757547
245 0.000004746949441
250 0.000004427115201
255 0.000003993118908
260 0.000004134647038
265 0.000003330665710
270 0.000003163192320
275 0.000002887130671
280 0.000002428658720
285 0.000002361974785
290 0.000002227968666
295 0.000001776247884
300 0.000001604862769
305 0.000001900062001
310 0.000001942063709
315 0.000002183267714
320 0.000003138198049
325 0.000003644479111
330 0.000003268695446
335 0.000002458513761
340 0.000002900100628
345 0.000002953032402
350 0.000003041488546
355 0.000002947088007
360 0.000002681980460
365 0.000002339456301
370 0.000002022249622
375 0.000001517699379
380 0.000001446655909
385 0.000001218756062
390 0.000001101218876
395 0.000001234607550
400 0.000001326490028
405 0.000001247452379
410 0.000001175128381
415 0.000001169047765
420 0.000001318234797
425 0.000001422400122
430 0.000001592275299
435 0.000001733139688
440 0.000001534780694
445 0.000001354992394
450 0.000001368257773
455 0.000001248973219
460 0.000000956245026
465 0.000000915030100
470 0.000000860258317
475 0.000000875183711
480 0.000000864518133
485 0.000000894300850
490 0.000001006367675
495 0.000000960175105
500 0.000001047942408
505 0.000001292009521
510 0.000001401746707
515 0.000001369819248
520 0.000001267581239
525 0.000001142442069
530 0.000001085551811
535 0.000000906382506
540 0.000000742960052
545 0.000000662353206
550 0.000000682439522
555 0.000000645814688
560 0.000000560974817
565 0.000000485914036
570 0.000000551349978
575 0.000000599114922
580 0.000000689970809
585 0.000000836497597
590 0.000001041321343
595 0.000001058578452
600 0.000001042910054
605 0.000000971183514
610 0.000000913229964
615 0.000000838000825
620 0.000000765713970
625 0.000000731064255
630 0.000000675408603
635 0.000000698645969
640 0.000000690359262
645 0.000000674470169
650 0.000000696149975
655 0.000000656058190
660 0.000000636608024
665 0.000000605848900
670 0.000000598436246
675 0.000000614559939
680 0.000000597186823
685 0.000000546845641
690 0.000000614800463
695 0.000000678665358
700 0.000000732287421
705 0.000000716396831
710 0.000000700925567
715 0.000000611014276
720 0.000000599588439
725 0.000000585801297
730 0.000000555882211
735 0.000000496697575
740 0.000000472877219
745 0.000000441320729
750 0.000000454235558
755 0.000000408645314
760 0.000000350075994
765 0.000000323097338
770 0.000000307082783
775 0.000000274486451
780 0.000000272482308
785 0.000000262595519
790 0.000000235108362
795 0.000000234975654
800 0.000000289734628
805 0.000000332868816
810 0.000000366641087
815 0.000000397995186
820 0.000000405843195
825 0.000000446696761
830 0.000000476487524
835 0.000000503109404
840 0.000000502458323
845 0.000000445288813
850 0.000000439562625
855 0.000000420470866
860 0.000000397640252
865 0.000000362090773
870 0.000000351628342
875 0.000000316416964
880 0.000000306733596
885 0.000000259859377
890 0.000000248699238
895 0.000000233548299
900 0.000000234894850
905 0.000000213887180
910 0.000000218636482
915 0.000000212976057
920 0.000000197468457
925 0.000000216042454
930 0.000000213901975
935 0.000000240523145
940 0.000000247151362
945 0.000000242149530
950 0.000000250347851
955 0.000000260909018
960 0.000000277007371
965 0.000000271509496
970 0.000000269099985
975 0.000000280466550
980 0.000000241050484
985 0.000000233522854
990 0.000000222953928
995 0.000000201553220
1000 0.000000179767476
1000 0.000000179767476
1010 0.000000144204103
1020 0.000000131204672
1030 0.000000122737147
1040 0.000000108641379
1050 0.000000107871714
1060 0.000000121839805
1070 0.000000139305368
1080 0.000000144164479
1090 0.000000162674168
1100 0.000000170754713
1110 0.000000185092502
1120 0.000000186187661
1130 0.000000190340591
1140 0.000000195274470
1150 0.000000167489210
1160 0.000000151020183
1170 0.000000152847981
1180 0.000000150372833
1190 0.000000146933837
1200 0.000000136789941
1210 0.000000135358513
1220 0.000000138086191
1230 0.000000141677659
1240 0.000000140598113
1250 0.000000141608228
1260 0.000000140766487
1270 0.000000139357096
1280 0.000000137975621
1290 0.000000135320023
1300 0.000000129845939
1310 0.000000127730222
1320 0.000000126050253
1330 0.000000121600958
1340 0.000000121145288
1350 0.000000120167944
1360 0.000000115350009
1370 0.000000111446293
1380 0.000000110101049
1390 0.000000111619816
1400 0.000000113452456
1410 0.000000117020727
1420 0.000000120198233
1430 0.000000125543269
1440 0.000000133498491
1450 0.000000136294103
1460 0.000000135291435
1470 0.000000132954289
1480 0.000000128664257
1490 0.000000121085287
1500 0.000000114815490
1510 0.000000107070798
1520 0.000000101222784
1530 0.000000096372507
1540 0.000000091247159
1550 0.000000084694482
1560 0.000000080867213
1570 0.000000076344958
1580 0.000000071186591
1590 0.000000067184707
1600 0.000000062120094
1610 0.000000058680211
1620 0.000000054633593
1630 0.000000052685031
1640 0.000000051491251
1650 0.000000051361256
1660 0.000000050093039
1670 0.000000048437951
1680 0.000000050330475
1690 0.000000047781282
1700 0.000000047521606
1710 0.000000046794419
1720 0.000000046728923
1730 0.000000046381591
1740 0.000000046052002
1750 0.000000046313376
1760 0.000000046132764
1770 0.000000046260925
1780 0.000000046684364
1790 0.000000046565909
1800 0.000000048582398
1810 0.000000050443666
1820 0.000000051461878
1830 0.000000052083532
1840 0.000000054691563
1850 0.000000055676100
1860 0.000000057234030
1870 0.000000057522322
1880 0.000000056891145
1890 0.000000057846679
1900 0.000000057666751
1910 0.000000057814841
1920 0.000000058315367
1930 0.000000059074482
1940 0.000000059251380
1950 0.000000058776923
1960 0.000000058377648
1970 0.000000057241561
1980 0.000000054711501
1990 0.000000053915941
2000 0.000000052678076
2000 0.000000052678076
2020 0.000000049901494
2040 0.000000047886532
2060 0.000000045892963
2080 0.000000043873284
2100 0.000000041456927
2120 0.000000038764556
2140 0.000000037364446
2160 0.000000038828462
2180 0.000000041014987
2200 0.000000043858228
2220 0.000000045505385
2240 0.000000045524324
2260 0.000000044576287
2280 0.000000042017229
2300 0.000000038085530
2320 0.000000034265677
2340 0.000000030724170
2360 0.000000027866971
2380 0.000000026445664
2400 0.000000026112704
2420 0.000000026637604
2440 0.000000027742225
2460 0.000000028245769
2480 0.000000030286863
2500 0.000000031461945
2520 0.000000033119530
2540 0.000000034458681
2560 0.000000036133542
2580 0.000000036476965
2600 0.000000037393556
2620 0.000000037197564
2640 0.000000037439876
2660 0.000000037359296
2680 0.000000036836612
2700 0.000000036638025
2720 0.000000036133341
2740 0.000000035672467
2760 0.000000034686417
2780 0.000000033707831
2800 0.000000032523743
2820 0.000000031134643
2840 0.000000029786822
2860 0.000000028062288
2880 0.000000026710915
2900 0.000000025300044
2920 0.000000023735912
2940 0.000000022340887
2960 0.000000020997364
2980 0.000000019794949
3000 0.000000018873282
3020 0.000000018509219
3040 0.000000017963221
3060 0.000000017774177
3080 0.000000017444565
3100 0.000000017420197
3120 0.000000017509927
3140 0.000000017598760
3160 0.000000018010870
3180 0.000000018369047
3200 0.000000019010449
3220 0.000000019335904
3240 0.000000019870293
3260 0.000000020490947
3280 0.000000020844261
3300 0.000000021183306
3320 0.000000021383731
3340 0.000000021538285
3360 0.000000021434934
3380 0.000000021275540
3400 0.000000021158928
3420 0.000000020868118
3440 0.000000020526544
3460 0.000000020139261
3480 0.000000019664083
3500 0.000000019026301
3520 0.000000018280328
3540 0.000000017686444
3560 0.000000016853419
3580 0.000000016087545
3600 0.000000015386658
3620 0.000000014811189
3640 0.000000014011451
3660 0.000000013316382
3680 0.000000012707413
3700 0.000000012028986
3720 0.000000011776576
3740 0.000000011218037
3760 0.000000010761738
3780 0.000000010605955
3800 0.000000010388857
3820 0.000000010216343
3840 0.000000010098476
3860 0.000000009868114
3880 0.000000009787554
3900 0.000000009715495
3920 0.000000009623641
3940 0.000000009515638
3960 0.000000009368866
3980 0.000000009352966
4000 0.000000009346844
4020 0.000000009244845
4040 0.000000009171919
4060 0.000000009070023
4080 0.000000009011095
4100 0.000000008990822
4120 0.000000008963195
4140 0.000000008876369
4160 0.000000008872720
4180 0.000000008915650
4200 0.000000008775998
4220 0.000000008807423
4240 0.000000008847585
4260 0.000000008716437
4280 0.000000008670675
4300 0.000000008651318
4320 0.000000008686929
4340 0.000000008600101
4360 0.000000008661907
4380 0.000000008592184
4400 0.000000008664345
4420 0.000000008458573
4440 0.000000008575135
4460 0.000000008543183
4480 0.000000008484328
4500 0.000000008515783
4520 0.000000008478637
4540 0.000000008552857
4560 0.000000008469939
4580 0.000000008477100
4600 0.000000008439353
4620 0.000000008446064
4640 0.000000008397257
4660 0.000000008467884
4680 0.000000008374155
4700 0.000000008349801
4720 0.000000008415436
4740 0.000000008287312
4760 0.000000008435244
4780 0.000000008344876
4800 0.000000008360061
4820 0.000000008401693
4840 0.000000008280504
4860 0.000000008224756
4880 0.000000008235712
4900 0.000000008406802
4920 0.000000008286107
4940 0.000000008477189
4960 0.000000008264095
4980 0.000000008318893
5000 0.000000008374001
5020 0.000000008315923
5040 0.000000008283670
5060 0.000000008342487
5080 0.000000008280218
5100 0.000000008335106
5120 0.000000008221305
5140 0.000000008232318
5160 0.000000008288794
5180 0.000000008327347
5200 0.000000008182643
5220 0.000000008195706
5240 0.000000008306319
5260 0.000000008215821
5280 0.000000008294788
5300 0.000000008313797
5320 0.000000008282922
5340 0.000000008279404
5360 0.000000008252630
5380 0.000000008263454
5400 0.000000008238213
5420 0.000000008235151
5440 0.000000008326825
5460 0.000000008221089
5480 0.000000008270380
5500 0.000000008209691
