200 0.000006336324632
205 0.000006615864819
210 0.000005792919045
215 0.000005360759781
220 0.000005442572925
225 0.000007012788293
230 0.000009677522415
235 0.000008236972543
240 0.000007126921032
245 0.000006237941097
250 0.000005830016007
255 0.000004348517019
260 0.000004186852904
265 0.000003859251196
270 0.000003191170805
275 0.000002623475340
280 0.000002430721309
285 0.000002348038216
290 0.000001966924794
295 0.000001771689630
300 0.000001515549513
305 0.000001702156743
310 0.000001748822234
315 0.000002272839169
320 0.000003001784751
325 0.000003531019302
330 0.000003906980026
335 0.000003898527908
340 0.000003748259376
345 0.000003573826173
350 0.000003601062962
355 0.000003220754748
360 0.000002957504246
365 0.000002988209997
370 0.000002305723767
375 0.000001794976821
380 0.000001437363063
385 0.000001325817814
390 0.000001211312785
395 0.000001194244757
400 0.000001190995091
405 0.000001105356338
410 0.000001065287935
415 0.000001223360571
420 0.000001333056325
425 0.000001489121749
430 0.000001528394427
435 0.000001664353657
440 0.000001614076641
445 0.000001335358077
450 0.000001172016253
455 0.000001088652901
460 0.000000965306173
465 0.000000902779427
470 0.000000918096823
475 0.000001066481804
480 0.000001018807889
485 0.000000996590796
490 0.000001049577158
495 0.000001031280195
500 0.000001078786485
505 0.000000988687635
510 0.000001093586279
515 0.000001177479590
520 0.000001243985035
525 0.000001196875059
530 0.000001166767376
535 0.000001016031808
540 0.000000907942517
545 0.000000771130939
550 0.000000686549544
555 0.000000666843750
560 0.000000647144152
565 0.000000650976031
570 0.000000624854967
575 0.000000677146977
580 0.000000738792246
585 0.000000806994977
590 0.000000985386275
595 0.000001066122372
600 0.000001107309720
605 0.000001093424733
610 0.000001002691570
615 0.000000914169927
620 0.000000779895225
625 0.000000724849039
630 0.000000704845199
635 0.000000714910428
640 0.000000694106696
645 0.000000744081973
650 0.000000800296688
655 0.000000850344587
660 0.000000798759684
665 0.000000804262264
670 0.000000748242972
675 0.000000682530079
680 0.000000638691658
685 0.000000588792307
690 0.000000545401543
695 0.000000519600957
700 0.000000559093286
705 0.000000599802341
710 0.000000658885542
715 0.000000624570981
720 0.000000617155307
725 0.000000603301055
730 0.000000584312580
735 0.000000559354183
740 0.000000542225917
745 0.000000513323680
750 0.000000443791696
755 0.000000427026171
760 0.000000410647754
765 0.000000408247308
770 0.000000377100624
775 0.000000379497000
780 0.000000355395155
785 0.000000337974641
790 0.000000326659869
795 0.000000310059976
800 0.000000276532787
805 0.000000289005048
810 0.000000313188768
815 0.000000333921696
820 0.000000346088588
825 0.000000363434015
830 0.000000366103974
835 0.000000371608495
840 0.000000398292092
845 0.000000389619310
850 0.000000372091159
855 0.000000332531766
860 0.000000303601336
865 0.000000278476196
870 0.000000271308076
875 0.000000286065505
880 0.000000284901869
885 0.000000288657675
890 0.000000265127375
895 0.000000271837827
900 0.000000275453469
905 0.000000268284434
910 0.000000269678123
915 0.000000276916541
920 0.000000271305567
925 0.000000264909461
930 0.000000276396237
935 0.000000272335942
940 0.000000295378357
945 0.000000284180517
950 0.000000293733520
955 0.000000298383036
960 0.000000284347236
965 0.000000283794043
970 0.000000270126881
975 0.000000254377668
980 0.000000248922115
985 0.000000236514804
990 0.000000229155413
995 0.000000198648130
1000 0.000000188608395
1000 0.000000188608395
1010 0.000000159454103
1020 0.000000148060319
1030 0.000000127783824
1040 0.000000123330460
1050 0.000000123663159
1060 0.000000140021396
1070 0.000000154962223
1080 0.000000159746962
1090 0.000000179799760
1100 0.000000187381960
1110 0.000000198496617
1120 0.000000196664444
1130 0.000000208342406
1140 0.000000201229087
1150 0.000000181041538
1160 0.000000177529515
1170 0.000000162377253
1180 0.000000153889710
1190 0.000000148937186
1200 0.000000142035375
1210 0.000000144392246
1220 0.000000141757558
1230 0.000000144461030
1240 0.000000150735208
1250 0.000000155101936
1260 0.000000152340512
1270 0.000000150582637
1280 0.000000148651183
1290 0.000000146270672
1300 0.000000149372981
1310 0.000000147985558
1320 0.000000149584661
1330 0.000000144242343
1340 0.000000137889846
1350 0.000000134614861
1360 0.000000129251253
1370 0.000000124232664
1380 0.000000121029435
1390 0.000000119198013
1400 0.000000121970188
1410 0.000000127953736
1420 0.000000133797389
1430 0.000000139376940
1440 0.000000143747960
1450 0.000000145414303
1460 0.000000145904978
1470 0.000000143383696
1480 0.000000139699932
1490 0.000000132724936
1500 0.000000126492467
1510 0.000000118165681
1520 0.000000113892054
1530 0.000000108945910
1540 0.000000102547915
1550 0.000000094917225
1560 0.000000087914629
1570 0.000000082340479
1580 0.000000077964749
1590 0.000000073362064
1600 0.000000068987165
1610 0.000000064829542
1620 0.000000060669678
1630 0.000000059745331
1640 0.000000057154244
1650 0.000000055362418
1660 0.000000054937817
1670 0.000000054354621
1680 0.000000053443248
1690 0.000000053239685
1700 0.000000052207450
1710 0.000000051875532
1720 0.000000050761480
1730 0.000000050426316
1740 0.000000051174084
1750 0.000000051051252
1760 0.000000050721767
1770 0.000000051290655
1780 0.000000051701986
1790 0.000000051841251
1800 0.000000052896232
1810 0.000000054626294
1820 0.000000057081233
1830 0.000000057730110
1840 0.000000059557737
1850 0.000000060625083
1860 0.000000061605214
1870 0.000000062431119
1880 0.000000062616292
1890 0.000000062582174
1900 0.000000062251864
1910 0.000000063380874
1920 0.000000063091425
1930 0.000000063576575
1940 0.000000064060010
1950 0.000000063074773
1960 0.000000062817179
1970 0.000000061768705
1980 0.000000060146411
1990 0.000000058502374
2000 0.000000056922152
2000 0.000000056922152
2020 0.000000054856417
2040 0.000000052265097
2060 0.000000050095483
2080 0.000000047679049
2100 0.000000045348006
2120 0.000000043108747
2140 0.000000042221152
2160 0.000000043238776
2180 0.000000045002179
2200 0.000000046709526
2220 0.000000047595949
2240 0.000000047689805
2260 0.000000046096231
2280 0.000000043866614
2300 0.000000040743643
2320 0.000000037062241
2340 0.000000033692063
2360 0.000000031583014
2380 0.000000030390032
2400 0.000000029931323
2420 0.000000029957248
2440 0.000000030852049
2460 0.000000031688602
2480 0.000000033392852
2500 0.000000034863527
2520 0.000000036181133
2540 0.000000037394751
2560 0.000000038369236
2580 0.000000039240177
2600 0.000000039503320
2620 0.000000039751262
2640 0.000000039817039
2660 0.000000039400453
2680 0.000000039393364
2700 0.000000038406490
2720 0.000000038183900
2740 0.000000037354357
2760 0.000000036192424
2780 0.000000035243445
2800 0.000000034050043
2820 0.000000032509159
2840 0.000000031214984
2860 0.000000029866047
2880 0.000000028395909
2900 0.000000026745375
2920 0.000000025443489
2940 0.000000024110530
2960 0.000000022867144
2980 0.000000021841458
3000 0.000000020843096
3020 0.000000020251709
3040 0.000000019671215
3060 0.000000019479983
3080 0.000000019090917
3100 0.000000019043199
3120 0.000000019131187
3140 0.000000019328599
3160 0.000000019500385
3180 0.000000019770927
3200 0.000000020239304
3220 0.000000020581063
3240 0.000000021081943
3260 0.000000021410968
3280 0.000000021744091
3300 0.000000021879137
3320 0.000000021817566
3340 0.000000021951453
3360 0.000000021699839
3380 0.000000021699490
3400 0.000000021438848
3420 0.000000020993872
3440 0.000000020626482
3460 0.000000020426293
3480 0.000000019925276
3500 0.000000019314368
3520 0.000000018708504
3540 0.000000018038544
3560 0.000000017506651
3580 0.000000016663932
3600 0.000000016077669
3620 0.000000015282944
3640 0.000000014615625
3660 0.000000013981406
3680 0.000000013382668
3700 0.000000012883649
3720 0.000000012382604
3740 0.000000011900905
3760 0.000000011494886
3780 0.000000011241706
3800 0.000000010980734
3820 0.000000010808580
3840 0.000000010564087
3860 0.000000010372888
3880 0.000000010215643
3900 0.000000009995850
3920 0.000000009925066
3940 0.000000009850467
3960 0.000000009714790
3980 0.000000009648201
4000 0.000000009518471
4020 0.000000009435907
4040 0.000000009407604
4060 0.000000009399046
4080 0.000000009308779
4100 0.000000009174707
4120 0.000000009245191
4140 0.000000009094388
4160 0.000000009070755
4180 0.000000008946326
4200 0.000000008969840
4220 0.000000008955559
4240 0.000000008940521
4260 0.000000008905353
4280 0.000000008810380
4300 0.000000008868271
4320 0.000000008818772
4340 0.000000008691509
4360 0.000000008794896
4380 0.000000008744434
4400 0.000000008647638
4420 0.000000008726221
4440 0.000000008618989
4460 0.000000008620868
4480 0.000000008600202
4500 0.000000008625590
4520 0.000000008596710
4540 0.000000008598054
4560 0.000000008579454
4580 0.000000008687911
4600 0.000000008506818
4620 0.000000008517840
4640 0.000000008572184
4660 0.000000008415596
4680 0.000000008440486
4700 0.000000008464917
4720 0.000000008395477
4740 0.000000008448763
4760 0.000000008295351
4780 0.000000008407138
4800 0.000000008431081
4820 0.000000008395175
4840 0.000000008300813
4860 0.000000008426551
4880 0.000000008447315
4900 0.000000008332918
4920 0.000000008391842
4940 0.000000008350802
4960 0.000000008439712
4980 0.000000008317948
5000 0.000000008256365
5020 0.000000008335260
5040 0.000000008264440
5060 0.000000008392192
5080 0.000000008355223
5100 0.000000008383408
5120 0.000000008420369
5140 0.000000008259853
5160 0.000000008277702
5180 0.000000008331395
5200 0.000000008261839
5220 0.000000008307019
5240 0.000000008334189
5260 0.000000008417533
5280 0.000000008274571
5300 0.000000008378108
5320 0.000000008265959
5340 0.000000008243959
5360 0.000000008185867
5380 0.000000008155938
5400 0.000000008254362
5420 0.000000008206482
5440 0.000000008376167
5460 0.000000008257711
5480 0.000000008275593
5500 0.000000008210739
