215 0.000013272373734
225 0.000013916620242
230 0.000014931753550
235 0.000011531360947
240 0.000009621287331
245 0.000010102826745
250 0.000011133436026
255 0.000012341491901
260 0.000011718248396
265 0.000007931964262
270 0.000007456037062
275 0.000006391149066
280 0.000005754800899
285 0.000005024218807
290 0.000004344317935
295 0.000003328407744
300 0.000003221339402
305 0.000003061930659
310 0.000003547706234
315 0.000003895290361
320 0.000004969378876
325 0.000005572480299
330 0.000006177901000
335 0.000006088308229
340 0.000005500839979
345 0.000005336780436
350 0.000005475052319
355 0.000005043377236
360 0.000004291607660
365 0.000003621937230
370 0.000002868085111
375 0.000002081307022
380 0.000001624902907
385 0.000001470127166
390 0.000001561853626
395 0.000001628065663
400 0.000001764880170
405 0.000001884786213
410 0.000002042615554
415 0.000002461436995
420 0.000002664694638
425 0.000002683661979
430 0.000002923007586
435 0.000003288513925
440 0.000003144580081
445 0.000002846434358
450 0.000002454909727
455 0.000001959753298
460 0.000001644558671
465 0.000001504183846
470 0.000001333767218
475 0.000001297354473
480 0.000001255877859
485 0.000001203101895
490 0.000001280749948
495 0.000001239367545
500 0.000001252113701
505 0.000001150704858
510 0.000001214310622
515 0.000001194189577
520 0.000001203682911
525 0.000001208467326
530 0.000001146310826
535 0.000001172067312
540 0.000001197028191
545 0.000001263840641
550 0.000001249675870
555 0.000001221846757
560 0.000001242125193
565 0.000001197484275
570 0.000001269652559
575 0.000001338844800
580 0.000001460152430
585 0.000001604035398
590 0.000001685790854
595 0.000001630267981
600 0.000001570925760
605 0.000001518829119
610 0.000001347327109
615 0.000001318025500
620 0.000001197620096
625 0.000001198732724
630 0.000001215284383
635 0.000001176348485
640 0.000001168767431
645 0.000001217619115
650 0.000001132826555
655 0.000001028585998
660 0.000000935899738
665 0.000000862641443
670 0.000000814160229
675 0.000000809047419
680 0.000000850041721
685 0.000000905692087
690 0.000000996816784
695 0.000001091989000
700 0.000001229709362
705 0.000001263741248
710 0.000001314635725
715 0.000001351921597
720 0.000001342398232
725 0.000001349978875
730 0.000001319020727
735 0.000001276721424
740 0.000001286400927
745 0.000001309799940
750 0.000001247195857
755 0.000001224511737
760 0.000001155279860
765 0.000001048455595
770 0.000000962243782
775 0.000000835298732
780 0.000000743366070
785 0.000000623142757
790 0.000000537221812
795 0.000000485170285
800 0.000000466611150
805 0.000000425809365
810 0.000000457049700
815 0.000000456873337
820 0.000000472373735
825 0.000000473008894
830 0.000000449660175
835 0.000000421408893
840 0.000000412492027
845 0.000000426905919
850 0.000000392523735
855 0.000000380513646
860 0.000000348248190
865 0.000000329498411
870 0.000000314234048
875 0.000000320213608
880 0.000000315963806
885 0.000000322796736
890 0.000000325986408
895 0.000000329849228
900 0.000000325375048
905 0.000000342029857
910 0.000000355158571
915 0.000000361261685
920 0.000000379802637
925 0.000000405925065
930 0.000000422518327
935 0.000000442111773
940 0.000000455333751
945 0.000000471363066
950 0.000000464097740
955 0.000000462810039
960 0.000000443045120
965 0.000000427452597
970 0.000000402671345
975 0.000000379859602
980 0.000000339874729
985 0.000000327032047
990 0.000000288720084
995 0.000000264425810
1000 0.000000244384179
1000 0.000000244384179
1010 0.000000204360766
1020 0.000000192454382
1030 0.000000180430504
1040 0.000000197744017
1050 0.000000202771264
1060 0.000000239837687
1070 0.000000273738178
1080 0.000000307504811
1090 0.000000343746836
1100 0.000000352416590
1110 0.000000381382339
1120 0.000000384347426
1130 0.000000398454991
1140 0.000000380002595
1150 0.000000356243003
1160 0.000000339534694
1170 0.000000296703371
1180 0.000000292250741
1190 0.000000260415111
1200 0.000000233647635
1210 0.000000227081505
1220 0.000000223075396
1230 0.000000221642009
1240 0.000000222614271
1250 0.000000216830877
1260 0.000000210573793
1270 0.000000217525647
1280 0.000000213880460
1290 0.000000211255465
1300 0.000000210761663
1310 0.000000204487539
1320 0.000000196324490
1330 0.000000188158522
1340 0.000000178885146
1350 0.000000170294013
1360 0.000000160645932
1370 0.000000155594248
1380 0.000000153937616
1390 0.000000151712605
1400 0.000000154808752
1410 0.000000162347893
1420 0.000000169838869
1430 0.000000178869462
1440 0.000000188613311
1450 0.000000195966404
1460 0.000000200814596
1470 0.000000200364365
1480 0.000000199161371
1490 0.000000196069900
1500 0.000000191397346
1510 0.000000185267065
1520 0.000000178378980
1530 0.000000172287134
1540 0.000000164692356
1550 0.000000158313198
1560 0.000000152470135
1570 0.000000147298630
1580 0.000000140498038
1590 0.000000134378325
1600 0.000000128935516
1610 0.000000124709063
1620 0.000000119617178
1630 0.000000117841584
1640 0.000000115461735
1650 0.000000113642469
1660 0.000000112521279
1670 0.000000111118318
1680 0.000000108538825
1690 0.000000105189723
1700 0.000000103766203
1710 0.000000101147208
1720 0.000000101301677
1730 0.000000100959076
1740 0.000000101044676
1750 0.000000101945828
1760 0.000000103241861
1770 0.000000105975485
1780 0.000000108663308
1790 0.000000112734666
1800 0.000000118005210
1810 0.000000122888945
1820 0.000000127221679
1830 0.000000131788902
1840 0.000000136796875
1850 0.000000141024002
1860 0.000000143432870
1870 0.000000146006940
1880 0.000000147564196
1890 0.000000149497266
1900 0.000000151329278
1910 0.000000152260036
1920 0.000000153671156
1930 0.000000154601150
1940 0.000000154259498
1950 0.000000152508473
1960 0.000000150286010
1970 0.000000146934983
1980 0.000000141974225
1990 0.000000136914800
2000 0.000000130776426
2000 0.000000130776426
2020 0.000000119111999
2040 0.000000108528772
2060 0.000000099673619
2080 0.000000092486902
2100 0.000000087206261
2120 0.000000083148177
2140 0.000000082872990
2160 0.000000084921908
2180 0.000000087892001
2200 0.000000090113003
2220 0.000000090912068
2240 0.000000090957169
2260 0.000000088143693
2280 0.000000083671140
2300 0.000000078125236
2320 0.000000071050490
2340 0.000000063431660
2360 0.000000057828092
2380 0.000000052544168
2400 0.000000050011065
2420 0.000000048514960
2440 0.000000048722936
2460 0.000000049088445
2480 0.000000050257106
2500 0.000000051425279
2520 0.000000052914756
2540 0.000000053948301
2560 0.000000054882236
2580 0.000000056230648
2600 0.000000056751132
2620 0.000000057005204
2640 0.000000057305882
2660 0.000000057296197
2680 0.000000057311609
2700 0.000000056588017
2720 0.000000056229154
2740 0.000000055380867
2760 0.000000054492315
2780 0.000000053237286
2800 0.000000052131960
2820 0.000000050488739
2840 0.000000048951102
2860 0.000000047204737
2880 0.000000045377631
2900 0.000000043492517
2920 0.000000041292945
2940 0.000000039232822
2960 0.000000037668002
2980 0.000000035937283
3000 0.000000034691244
3020 0.000000033517566
3040 0.000000032847428
3060 0.000000032544903
3080 0.000000032690193
3100 0.000000033019899
3120 0.000000033240932
3140 0.000000034248943
3160 0.000000034920694
3180 0.000000036146871
3200 0.000000037184444
3220 0.000000038218383
3240 0.000000039304807
3260 0.000000040152601
3280 0.000000040843091
3300 0.000000041400011
3320 0.000000041968281
3340 0.000000041992197
3360 0.000000042266555
3380 0.000000042112096
3400 0.000000042094297
3420 0.000000041754007
3440 0.000000041806183
3460 0.000000041376606
3480 0.000000040813033
3500 0.000000040163911
3520 0.000000039927354
3540 0.000000038990601
3560 0.000000038171913
3580 0.000000037356708
3600 0.000000036729204
3620 0.000000035452878
3640 0.000000034496189
3660 0.000000033578127
3680 0.000000032788462
3700 0.000000031595113
3720 0.000000030680041
3740 0.000000029878482
3760 0.000000028930504
3780 0.000000028597859
3800 0.000000027581870
3820 0.000000027047409
3840 0.000000026599558
3860 0.000000026111938
3880 0.000000025803535
3900 0.000000025315885
3920 0.000000024982544
3940 0.000000024751340
3960 0.000000024299045
3980 0.000000024203341
4000 0.000000023939098
4020 0.000000023602837
4040 0.000000023413529
4060 0.000000023113862
4080 0.000000023197576
4100 0.000000022814433
4120 0.000000022765064
4140 0.000000022620821
4160 0.000000022373390
4180 0.000000022300375
4200 0.000000022287234
4220 0.000000022187037
4240 0.000000022006721
4260 0.000000022000262
4280 0.000000021818781
4300 0.000000021842924
4320 0.000000021727369
4340 0.000000021702041
4360 0.000000021738715
4380 0.000000021437281
4400 0.000000021483287
4420 0.000000021357321
4440 0.000000021370666
4460 0.000000021440272
4480 0.000000021216367
4500 0.000000021168484
4520 0.000000021132700
4540 0.000000021108948
4560 0.000000021098840
4580 0.000000021119719
4600 0.000000020954766
4620 0.000000020962914
4640 0.000000020925347
4660 0.000000020786252
4680 0.000000020876925
4700 0.000000020731087
4720 0.000000020813151
4740 0.000000020796454
4760 0.000000020966394
4780 0.000000020706765
4800 0.000000020714910
4820 0.000000020753722
4840 0.000000020723970
4860 0.000000020752922
4880 0.000000020714300
4900 0.000000020536603
4920 0.000000020597173
4940 0.000000020509174
4960 0.000000020807367
4980 0.000000020607652
5000 0.000000020656928
5020 0.000000020565191
5040 0.000000020535606
5060 0.000000020516274
5080 0.000000020752579
5100 0.000000020688991
5120 0.000000020418897
5140 0.000000020450925
5160 0.000000020594786
5180 0.000000020398239
5200 0.000000020398407
5220 0.000000020237917
5240 0.000000020495482
5260 0.000000020554551
5280 0.000000020416380
5300 0.000000020312179
5320 0.000000020316681
5340 0.000000020471828
5360 0.000000020323380
5380 0.000000020364036
5400 0.000000020041596
5420 0.000000020206243
5440 0.000000020338607
5460 0.000000020241619
5480 0.000000020266545
5500 0.000000020370645
