200 0.000005738753930
205 0.000004860497431
210 0.000004436356724
215 0.000005709124012
220 0.000004826509592
225 0.000005971881642
230 0.000007662941172
235 0.000005992770626
240 0.000004822686411
245 0.000005147366529
250 0.000003970542620
255 0.000003624061499
260 0.000004123277491
265 0.000003454344551
270 0.000003440556202
275 0.000002553912617
280 0.000002597241425
285 0.000002253612465
290 0.000002322101753
295 0.000002275322025
300 0.000001625625604
305 0.000001851464874
310 0.000002261286950
315 0.000002342040941
320 0.000003037398531
325 0.000003216098071
330 0.000003066026784
335 0.000002254973296
340 0.000002234768931
345 0.000003428354331
350 0.000002786113366
355 0.000002952503827
360 0.000002564311671
365 0.000002362429358
370 0.000002002163043
375 0.000001575308405
380 0.000001288081963
385 0.000001182972817
390 0.000001208349100
395 0.000001362984914
400 0.000001369944871
405 0.000001279338720
410 0.000001152104878
415 0.000001200772512
420 0.000001145278705
425 0.000001412523872
430 0.000001768951313
435 0.000001853076314
440 0.000001585129398
445 0.000001499306332
450 0.000001410840228
455 0.000001046407300
460 0.000000929829828
465 0.000000848493846
470 0.000000925294138
475 0.000000771692545
480 0.000000943511571
485 0.000000992965861
490 0.000001092841212
495 0.000001039985753
500 0.000001110230369
505 0.000001229696213
510 0.000001344691732
515 0.000001367915071
520 0.000001260913593
525 0.000001177845666
530 0.000001060670729
535 0.000000941892467
540 0.000000683131917
545 0.000000712594369
550 0.000000634667266
555 0.000000585846252
560 0.000000540484106
565 0.000000550010664
570 0.000000487979412
575 0.000000590707847
580 0.000000656112915
585 0.000000800433166
590 0.000001014053992
595 0.000001209885694
600 0.000001129555922
605 0.000001033334569
610 0.000000887299211
615 0.000000828198309
620 0.000000756655622
625 0.000000666355663
630 0.000000646146169
635 0.000000626029783
640 0.000000626534908
645 0.000000605029888
650 0.000000606590142
655 0.000000590364756
660 0.000000590902575
665 0.000000638336725
670 0.000000676872377
675 0.000000630509835
680 0.000000630758021
685 0.000000643167082
690 0.000000665608007
695 0.000000694584374
700 0.000000730995154
705 0.000000707306691
710 0.000000621156301
715 0.000000652494870
720 0.000000633981654
725 0.000000548059181
730 0.000000536853672
735 0.000000477437518
740 0.000000484455745
745 0.000000449807741
750 0.000000357396875
755 0.000000346851125
760 0.000000327953418
765 0.000000317045318
770 0.000000297390125
775 0.000000293303115
780 0.000000266984863
785 0.000000256443566
790 0.000000264447660
795 0.000000258972708
800 0.000000288251275
805 0.000000321945303
810 0.000000338426527
815 0.000000418798214
820 0.000000448480584
825 0.000000490667243
830 0.000000477050789
835 0.000000478102646
840 0.000000504736098
845 0.000000495814724
850 0.000000509384880
855 0.000000469008826
860 0.000000407146786
865 0.000000378144696
870 0.000000333875275
875 0.000000293392872
880 0.000000288929103
885 0.000000274700087
890 0.000000255325902
895 0.000000228416006
900 0.000000211523273
905 0.000000193476038
910 0.000000183346111
915 0.000000195197498
920 0.000000195289168
925 0.000000217657920
930 0.000000210357502
935 0.000000229361621
940 0.000000242219377
945 0.000000255132242
950 0.000000257249159
955 0.000000242358514
960 0.000000256078976
965 0.000000269945894
970 0.000000258035135
975 0.000000256257099
980 0.000000248403545
985 0.000000234818617
990 0.000000235860025
995 0.000000212004943
1000 0.000000188776893
1000 0.000000188776893
1010 0.000000143607017
1020 0.000000125876132
1030 0.000000114513590
1040 0.000000104977146
1050 0.000000102647350
1060 0.000000119424909
1070 0.000000132890593
1080 0.000000149419014
1090 0.000000165364721
1100 0.000000163271955
1110 0.000000180628613
1120 0.000000187409912
1130 0.000000190396833
1140 0.000000191841467
1150 0.000000164924509
1160 0.000000154228464
1170 0.000000152149096
1180 0.000000148384754
1190 0.000000145556642
1200 0.000000129647072
1210 0.000000134377804
1220 0.000000136827772
1230 0.000000135392102
1240 0.000000141116190
1250 0.000000137999822
1260 0.000000134385370
1270 0.000000134172489
1280 0.000000126726598
1290 0.000000128010647
1300 0.000000125767554
1310 0.000000123902056
1320 0.000000124912547
1330 0.000000124066326
1340 0.000000119136383
1350 0.000000114327021
1360 0.000000112003725
1370 0.000000110213449
1380 0.000000107669951
1390 0.000000107522172
1400 0.000000107629601
1410 0.000000113109510
1420 0.000000119814558
1430 0.000000124295803
1440 0.000000128463191
1450 0.000000129769709
1460 0.000000130378552
1470 0.000000129109938
1480 0.000000124409274
1490 0.000000119021144
1500 0.000000112256040
1510 0.000000105654000
1520 0.000000099268620
1530 0.000000091876378
1540 0.000000087885681
1550 0.000000082412571
1560 0.000000078313857
1570 0.000000074592660
1580 0.000000070330979
1590 0.000000065350257
1600 0.000000060982329
1610 0.000000056899784
1620 0.000000054365263
1630 0.000000051426767
1640 0.000000049738952
1650 0.000000050290241
1660 0.000000049925713
1670 0.000000048833099
1680 0.000000048103489
1690 0.000000047567497
1700 0.000000046581461
1710 0.000000046235423
1720 0.000000045671393
1730 0.000000045465835
1740 0.000000045022346
1750 0.000000044294874
1760 0.000000044492183
1770 0.000000045009757
1780 0.000000045386158
1790 0.000000045898675
1800 0.000000046777677
1810 0.000000047531253
1820 0.000000049424079
1830 0.000000051333886
1840 0.000000053346980
1850 0.000000054724522
1860 0.000000055614767
1870 0.000000056576055
1880 0.000000056167418
1890 0.000000055940593
1900 0.000000055877433
1910 0.000000056758779
1920 0.000000056977184
1930 0.000000057114800
1940 0.000000057468129
1950 0.000000057266218
1960 0.000000056825306
1970 0.000000055585784
1980 0.000000053908618
1990 0.000000052675915
2000 0.000000051053919
2000 0.000000051053919
2020 0.000000048939494
2040 0.000000046990854
2060 0.000000045105352
2080 0.000000043081216
2100 0.000000040148978
2120 0.000000037533739
2140 0.000000036369119
2160 0.000000037556871
2180 0.000000040411607
2200 0.000000043364298
2220 0.000000044831068
2240 0.000000045087658
2260 0.000000044482423
2280 0.000000041219169
2300 0.000000037465291
2320 0.000000032811849
2340 0.000000029243784
2360 0.000000027434242
2380 0.000000025775704
2400 0.000000025359849
2420 0.000000025837352
2440 0.000000026472934
2460 0.000000028040383
2480 0.000000029482212
2500 0.000000030719285
2520 0.000000032450428
2540 0.000000033960247
2560 0.000000034978410
2580 0.000000036114422
2600 0.000000036637272
2620 0.000000036793653
2640 0.000000036640018
2660 0.000000036718831
2680 0.000000036485332
2700 0.000000036260239
2720 0.000000035735788
2740 0.000000035242381
2760 0.000000034311064
2780 0.000000033373016
2800 0.000000032029163
2820 0.000000030423238
2840 0.000000029427212
2860 0.000000027683086
2880 0.000000026200255
2900 0.000000024784035
2920 0.000000023384849
2940 0.000000021858774
2960 0.000000020473102
2980 0.000000019217778
3000 0.000000018507280
3020 0.000000018042770
3040 0.000000017643928
3060 0.000000017448392
3080 0.000000017197022
3100 0.000000017109759
3120 0.000000017025284
3140 0.000000017111277
3160 0.000000017566262
3180 0.000000018137095
3200 0.000000018668280
3220 0.000000019236385
3240 0.000000019566264
3260 0.000000020216487
3280 0.000000020658174
3300 0.000000021033021
3320 0.000000021324903
3340 0.000000021496802
3360 0.000000021388288
3380 0.000000021256040
3400 0.000000021128373
3420 0.000000020825970
3440 0.000000020448398
3460 0.000000020031048
3480 0.000000019407463
3500 0.000000018990148
3520 0.000000018241010
3540 0.000000017404579
3560 0.000000016697744
3580 0.000000015969661
3600 0.000000015131686
3620 0.000000014525489
3640 0.000000013683805
3660 0.000000012898349
3680 0.000000012425623
3700 0.000000012034064
3720 0.000000011408519
3740 0.000000011042262
3760 0.000000010786958
3780 0.000000010443891
3800 0.000000010291658
3820 0.000000010085737
3840 0.000000009857674
3860 0.000000009816011
3880 0.000000009698433
3900 0.000000009630560
3920 0.000000009473297
3940 0.000000009383286
3960 0.000000009315498
3980 0.000000009231398
4000 0.000000009258099
4020 0.000000009080589
4040 0.000000009005403
4060 0.000000008984008
4080 0.000000008898465
4100 0.000000008929734
4120 0.000000008911909
4140 0.000000008886702
4160 0.000000008755738
4180 0.000000008747773
4200 0.000000008748126
4220 0.000000008693537
4240 0.000000008715785
4260 0.000000008751302
4280 0.000000008721752
4300 0.000000008640052
4320 0.000000008540445
4340 0.000000008654123
4360 0.000000008639803
4380 0.000000008608195
4400 0.000000008527771
4420 0.000000008572805
4440 0.000000008470639
4460 0.000000008369890
4480 0.000000008511728
4500 0.000000008482578
4520 0.000000008519425
4540 0.000000008418048
4560 0.000000008381712
4580 0.000000008379510
4600 0.000000008404069
4620 0.000000008446243
4640 0.000000008430032
4660 0.000000008379504
4680 0.000000008333919
4700 0.000000008311855
4720 0.000000008220104
4740 0.000000008283293
4760 0.000000008377259
4780 0.000000008336550
4800 0.000000008330681
4820 0.000000008353936
4840 0.000000008353185
4860 0.000000008406131
4880 0.000000008308258
4900 0.000000008309167
4920 0.000000008279472
4940 0.000000008302921
4960 0.000000008304720
4980 0.000000008278703
5000 0.000000008449889
5020 0.000000008334114
5040 0.000000008307635
5060 0.000000008276481
5080 0.000000008208568
5100 0.000000008224657
5120 0.000000008250608
5140 0.000000008183350
5160 0.000000008301013
5180 0.000000008219059
5200 0.000000008313025
5220 0.000000008286012
5240 0.000000008221274
5260 0.000000008229026
5280 0.000000008190671
5300 0.000000008219854
5320 0.000000008190052
5340 0.000000008190052
5360 0.000000008167839
5380 0.000000008199045
5400 0.000000008230657
5420 0.000000008205768
5440 0.000000008308717
5460 0.000000008216248
5480 0.000000008208447
5500 0.000000008185356
