10.9357369863 5.54553059139
12.6511581879 6.42246339506
14.4691951283 7.28645124933
16.089869884 8.14408969058
17.8130591405 8.98876763686
19.5387364728 9.82267877191
21.1669110309 10.6492743745
22.7974950353 11.4657174291
24.4304407353 12.2720010057
25.9657972609 13.0725195847
27.603337357 13.8587783624
29.1432233274 14.6398874825
30.1860277476 15.4381569929
30.1329261944 16.2922357944
30.1823505878 17.1408198579
30.1346410288 17.995529628
40.8660978025 18.1379908948
42.2181635733 18.8629451233
43.4724748826 19.586792546
44.429631706 20.3255491525
42.29846454 21.3019363997
33.1943178125 22.8636216688
34.3604295546 23.6092594652
35.4289689941 24.356574074
36.5991562245 25.0882855006
37.6717629471 25.8222892723
38.9454218315 26.530319568
40.3204218678 27.2205396794
41.6971685638 27.9023655472
51.8253693206 27.6366793567
53.9976543189 28.1863186068
55.3760425 28.8129361458
56.6566023532 29.4427639607
57.8394056869 30.0767357508
58.9245301957 30.7157846715
60.0112693504 31.3482975006
61.1987627265 31.9614127039
62.3877281446 32.5673607339
63.5781322751 33.1661384296
65.0670744883 33.7163645671
66.9531270375 34.2011295351
68.8398875384 34.6743582975
70.6283923885 35.1507777614
71.9232764778 35.6914713925
73.3180962966 36.209012105
74.6151365584 36.7337841741
75.9132238945 37.2507486078
77.2123220318 37.7599040469
78.4137804494 38.277839332
79.7148440373 38.7716833419
80.9183026385 39.2749249667
82.1227371637 39.7709728916
83.2297165075 40.2776551561
84.4360594263 40.7596217833
85.5449955521 41.2528392445
86.7531174291 41.7207204479
87.9620505192 42.1814033271
89.0736562267 42.6542615159
90.1861293363 43.1205374741
91.8873283513 43.4602861417
94.371918845 43.6273649256
94.8005487048 44.211979683
95.1330305143 44.8152349504
95.46727525 45.416826838
96.2915510246 45.9091061594
97.2144803852 46.3748061656
98.0407987602 46.8572898738
99.2579299557 47.2452301793
100.572869768 47.6032158466
101.596150889 48.0225760444
102.522857209 48.4593307503
103.450340703 48.890723842
104.378576817 49.3167547748
105.2105343 49.761706824
106.140278867 50.1773171508
107.070703387 50.5875640498
107.808236739 51.0428429911
108.643413437 51.4684731196
109.575972673 51.8635411344
110.509116637 52.2532449939
111.732166875 52.5583456906
113.34071218 52.7493987453
115.044863616 52.9038295818
116.267149114 53.1846673392
116.624382048 53.7069515395
116.887059498 54.2554318439
117.247305352 54.7745534503
117.513159505 55.3204661805
118.163653848 55.7499152327
119.006364977 56.1175478517
119.84958345 56.4804237277
120.788765173 56.8088103424
121.537456128 57.1919072012
122.382067203 57.5405159957
123.131906633 57.9150028429
123.977435136 58.2544029631
124.728344401 58.6202806607
125.479808452 58.982003604
126.326608476 59.3077445683
127.079025452 59.6608605567
127.831940199 60.0098227782
128.58533404 60.3546316116
129.339188304 60.6952875125
130.093484328 61.0317910125
130.942385972 61.3305323953
131.979632459 61.5567179703
133.204559811 61.7085754403
134.428770427 61.8533313614
135.65223177 61.9909917753
136.87491133 62.1215628583
138.003245016 62.2804322327
138.38359636 62.7182150957
138.671789996 63.1901813555
138.961352841 63.6609457415
139.345359352 64.093949301
139.637531063 64.5620056048
139.931056906 65.0288486284
140.22593214 65.4944744869
140.799987986 65.8457105336
141.559654999 66.1179474186
142.688945974 66.2328313143
143.725131509 66.3798552938
144.760677829 66.5210107676
145.795558283 66.6563032359
146.829746245 66.7857383083
147.863215124 66.9093217039
148.804304597 67.0670999177
149.104322933 67.5019145776
149.405579886 67.9354960434
149.708070668 68.3678408276
150.011790482 68.798945461
150.31673452 69.2288064918
150.532035982 69.699182908
150.83954579 70.1268319815
151.148266241 70.5532267901
151.639120391 70.8931284291
152.220967089 71.1877299246
152.803195905 71.4793648118
153.38579394 71.7680336119
154.058669022 72.0099845972
154.641828792 72.2924404341
155.225318239 72.571932494
155.809124495 72.8484615079
156.3932347 73.1220282582
156.977636002 73.3926335792
157.651394785 73.6148372819
158.236196419 73.879242547
158.821249765 74.1406896464
159.406542006 74.3991796226
159.992060336 74.6547135698
160.577791957 74.9072926333
161.16372408 75.1569180097
161.837901351 75.3562001244
162.424046686 75.5996452384
163.010353347 75.8401410333
163.947234256 75.8848110995
164.795580098 75.9728273365
165.643127984 76.0562518529
166.489857438 76.1350905568
167.248755055 76.2586670459
168.093941841 76.3286255082
168.938249791 76.3940158916
169.69513473 76.5049805437
170.27868488 76.7127492799
170.431215856 77.1709930054
170.671393907 77.5780754927
170.912850937 77.9844006714
171.069859729 78.4414548522
171.314029885 78.8465226935
171.474073376 79.3028491532
171.806185637 79.6543448197
172.479518206 79.7942683394
173.067554212 79.9835692175
173.655516364 80.1699529793
174.074250767 80.4601515239
174.493559225 80.7485004494
175.16613438 80.8733121538
175.922312664 80.9405248005
176.677674164 81.0037746008
177.432201444 81.0630673723
178.185877096 81.1184090027
178.85530818 81.2250188151
179.607402515 81.2727380294
180.358593996 81.3165236393
180.777461474 81.5803717252
181.031454682 81.9548962376
181.204127279 82.3851376142
181.46064915 82.7583163976
181.636203261 83.1877218423
181.895246909 83.5595378939
182.400797624 83.7578854283
182.906425432 83.9538714883
183.412120485 84.1474975582
183.836639827 84.3970848005
184.342623669 84.5862506652
184.848646077 84.7730606446
185.274017931 85.0165997778
185.780274257 85.1989563548
186.286540554 85.3789614818
186.712688718 85.6164588157
187.219134217 85.7920179804
187.805301546 85.9048858362
188.470610475 85.9543128521
189.055757548 86.061243035
189.719638584 86.1042412924
190.382688974 86.1439083162
190.966112629 86.2418406937
191.313302163 86.522463209
191.582784829 86.8638308868
191.775142521 87.2666808426
192.202964766 87.4814384409
192.786673055 87.5687156273
193.292255516 87.7162456933
193.87511021 87.7981437996
194.380214219 87.9407893435
194.885163595 88.0811183178
195.389948767 88.2191331129
195.971164624 88.2905573954
196.475390219 88.4237105697
196.903223578 88.6193168855
197.255267272 88.8780967969
197.607918239 89.1355296841
197.961171492 89.3916142894
198.239643998 89.7120620113
198.594293869 89.96568307
198.949531792 90.2179515291
199.30535277 90.4688662005
199.587206298 90.7850815057
200.018723888 90.9666295186
200.450388828 91.1463527575
200.882193914 91.3242520955
201.314131947 91.5003284333
201.746195735 91.6745826984
202.251652719 91.7789656468
202.756792374 91.8810682744
203.261605364 91.9808936162
203.766082366 92.0784447434
204.197801228 92.2426912718
204.701795598 92.335930705
205.205426829 92.4269046687
205.708685663 92.5156163757
206.211562859 92.6020690744
206.714049193 92.6862660492
207.14503671 92.8385310879
207.646935203 92.9184498491
208.077760899 93.0668885031
208.367741135 93.3555040875
208.658627555 93.6432063346
208.950417284 93.9299923992
209.243107436 94.2158594451
209.536695115 94.5008046454
209.900484739 94.7127384602
210.195631719 94.995613928
210.491666808 95.2775598388
210.788587077 95.5585734045
211.08638959 95.8386518459
211.385071403 96.1177923932
211.820499362 96.2492292209
212.255876299 96.3788695459
212.691195225 96.5067149932
213.193688754 96.5587480442
213.628637631 96.682797631
214.130279651 96.7306175012
214.564827997 96.8508809813
215.065585436 96.8945004817
215.499702878 97.0109878418
215.93371171 97.1256946562
216.433199065 97.1631414912
216.866732289 97.274086855
217.300135586 97.3832580164
217.798281107 97.4145601613
218.231164333 97.519985048
218.663896423 97.6236423189
219.032312316 97.8022393908
219.337129795 98.0563824297
219.579070451 98.3866730638
219.885723114 98.639093805
220.193168057 98.8905489575
220.438457981 99.2187407346
220.747723024 99.4684548178
220.995317529 99.7952941572
221.306392925 100.043254215
221.556284691 100.368725103
221.869160601 100.614918234
222.121342199 100.939004694
222.497227311 101.104346687
222.87338156 101.268313679
223.310520112 101.351450784
223.686947687 101.51247707
224.063629023 101.672129027
224.440559201 101.830406654
224.817733305 101.987309968
225.254609739 102.062439287
225.632003827 102.21640749
226.009626522 102.369002326
226.387472922 102.520223883
226.765538127 102.670072264
227.143817238 102.81854759
227.522305362 102.96565
227.958676808 103.029690545
228.33731111 103.173866625
228.716139191 103.316671116
229.095156173 103.458104227
229.474357178 103.598166185
229.853737333 103.736857232
230.23329177 103.874177628
230.613015621 104.010127651
230.992904024 104.144707595
231.37295212 104.277917771
231.753155052 104.409758508
232.13350797 104.54023015
232.514006024 104.66933306
232.948936729 104.713089407
233.383474171 104.755137157
233.7638488 104.879797238
234.197845833 104.918605202
234.578199123 105.040367022
234.905701706 105.245586619
235.181149778 105.534762906
235.457773394 105.823236855
235.735570858 106.111003929
236.118328712 106.22709762
236.552805743 106.256180535
236.935477444 106.369378829
237.369318527 106.39524533
237.751882828 106.505553923
238.13452103 106.614499534
238.567500443 106.635637917
238.95 106.741701802
239.332558619 106.846405495
239.764625861 106.862834377
240.147014731 106.96466465
240.529447883 107.065137679
240.814656236 107.339010168
241.100999456 107.612136903
241.436557314 107.796831323
241.724888657 108.068302489
242.014348726 108.33901549
242.3049356 108.608965909
242.690597185 108.701589352
243.122967361 108.70442497
243.508368934 108.794181752
243.893772093 108.882580568
244.325032873 108.880758412
244.710145348 108.966300171
245.095244793 109.050487531
245.480326503 109.133321422
245.910125125 109.125369068
246.294875797 109.205358621
246.59124225 109.463425151
246.932594766 109.630845075
247.230861226 109.887180113
247.530215525 110.142712616
247.873699575 110.307176361
248.174939169 110.560955956
248.519735295 110.723390149
248.822849967 110.975403225
249.168946214 111.135797863
249.557164649 111.204175791
249.903976694 111.362260075
250.292330952 111.428065445
250.680603267 111.492520588
251.068788989 111.555626673
251.456883478 111.617384883
251.765089026 111.861189617
252.074348309 112.104148933
252.384659056 112.346258611
252.696018977 112.587514442
253.085905693 112.643529841
253.475676526 112.698197503
253.827167493 112.843951729
254.216983581 112.896047328
254.569093067 113.039469363
254.958937484 113.088994497
255.311650069 113.230082333
255.701505914 113.277038711
256.054806176 113.415790438
256.44465657 113.46017988
256.798529087 113.596593691
257.188357173 113.638418128
257.542786524 113.772492319
257.862696029 113.999148732
258.183611552 114.224907406
258.539880334 114.355848889
258.862504912 114.579692278
259.186127668 114.802626619
259.510746072 115.024647846
259.836357577 115.245751901
260.162959624 115.465934732
260.490549635 115.685192296
260.819125018 115.903520554
261.180659557 116.026165752
261.510899723 116.242523228
261.904876752 116.268042339
262.267552245 116.387271336
262.569036804 116.695648121
262.93305372 116.812786399
263.297437203 116.928779361
263.662183652 117.043625861
264.027289459 117.157324764
264.392751013 117.269874944
264.7585647 117.381275289
265.124726902 117.491524698
265.491233999 117.600622079
265.858082366 117.708566353
266.225268374 117.815356455
266.592788393 117.920991326
266.960638789 118.025469923
267.328815922 118.128791213
267.697316153 118.230954173
268.066135837 118.331957793
268.435271326 118.431801075
268.779064957 118.627136389
269.123775241 118.821469795
269.469399273 119.014797459
269.815934134 119.207115555
270.163376889 119.398420265
270.511724589 119.588707782
270.860974269 119.777974303
271.211122949 119.966216037
271.562167635 120.153429201
271.891196758 120.436950649
272.244330635 120.622166918
272.59835167 120.806342356
272.975246026 120.891920798
273.352407639 120.976313585
273.687082305 121.254897457
274.044313937 121.434805438
274.402417083 121.613654902
274.7818413 121.693556049
275.141370152 121.870213544
275.501760893 122.045802408
275.882538662 122.122244277
276.244335144 122.295623941
276.606983776 122.467924951
276.970481346 122.639143661
277.353117753 122.710963863
277.71799426 122.879950034
278.083709814 123.047843998
278.450261152 123.214642149
278.817644993 123.38034089
279.202603133 123.446348592
279.571331975 123.609785591
279.940883238 123.772113425
280.31125359 123.933328535
280.682439682 124.093427377
281.054438154 124.252406412
281.427245631 124.410262114
281.800858724 124.566990968
282.175274029 124.722589465
282.550488127 124.877054112
282.926497589 125.030381421
283.303298967 125.182567918
283.680888803 125.333610137
284.059263622 125.483504625
284.438419937 125.632247937
284.818354247 125.779836641
285.199063036 125.926267314
285.569089671 126.17087851
285.951649277 126.315018421
286.345800917 126.358577079
286.729572193 126.500341616
287.114100164 126.640931171
287.509270964 126.68083262
287.894988539 126.819031539
288.281451881 126.956046421
288.668657354 127.091873941
289.065238561 127.126884494
289.453603994 127.260300694
289.842700488 127.392520612
290.232524357 127.52354097
290.623071901 127.6533585
291.014339406 127.781969947
291.399567111 128.009143585
291.792577134 128.135353895
292.180167569 128.360159472
292.574905348 128.483951811
292.964843926 128.706368592
293.366481043 128.727860807
293.768183762 128.748089874
294.169948109 128.767055593
294.567525991 128.884667674
294.969715886 128.901119001
295.371955528 128.916305467
295.774240937 128.930226922
296.173581081 129.042838606
296.57626044 129.054238538
296.978973658 129.064372094
297.379672814 129.173218285
297.774108622 129.68074995
298.17029562 130.287053419
298.570274013 130.892131723
298.974826171 131.395970101
299.384419939 131.498548119
299.794491496 131.699838432
300.205665741 131.799838309
300.617938606 131.998542556
301.031463239 132.195945378
301.445134889 132.292046923
301.860836241 132.486833137
302.277776958 132.68030123
302.693908916 132.772466224
303.113001383 132.963287404
303.52797519 132.952845331
303.945901164 133.041053707
304.361115408 133.027992003
304.779902182 133.11355924
305.195340311 133.097874468
305.614971183 133.180793229
306.030616616 133.162482056
306.451074824 133.242745108
306.866910945 133.221804307
307.28817967 133.299404523
307.704189831 133.275830971
308.126252197 133.350761332
308.548861964 133.424344284
308.965258794 133.396805606
309.416915745 133.866706506
309.871616432 134.335071114
310.329355644 134.801884934
310.798138597 135.366812133
311.262252404 135.830455279
311.729388653 136.292503273
312.18164087 136.553744418
312.62638821 136.713906144
313.072263168 136.872609218
313.51926096 137.029848133
313.957174169 137.086139225
314.395575014 137.141020343
314.834458957 137.194488976
315.273821444 137.24654263
315.713657914 137.297178822
316.153963794 137.346395089
316.60681218 137.493456946
317.048355228 137.539787549
317.490353779 137.584689935
317.932803214 137.628161698
318.375698902 137.670200446
318.832673187 137.809869602
319.276758919 137.848991832
319.721276815 137.886672985
320.180793168 138.021843467
320.671118444 138.353248459
321.178919978 138.781759854
321.689620293 139.208430899
322.203212819 139.633247601
322.71969093 140.056195993
323.239047938 140.477262129
323.711041839 140.60066796
324.166986348 140.623947698
324.640676411 140.744220152
325.168384858 141.158169236
325.680955768 141.471806818
326.177454358 141.685290217
326.656946874 141.798782606
327.156322796 142.008844163
327.657282951 142.21715441
328.140292946 142.325630771
328.644094956 142.530476662
329.129318282 142.635598691
329.635938326 142.836952729
330.144112243 143.036518181
330.653833784 143.234287267
331.143721431 143.33256344
331.656212243 143.526784242
332.170231948 143.719186434
332.685774168 143.909762322
333.202832489 144.098504236
333.721400467 144.285404527
334.241471623 144.470455569
334.78655977 144.750844378
335.309923249 144.932099686
335.858901195 145.208526811
336.38552974 145.385952314
336.93836913 145.658379937
337.493280795 145.928754549
338.024907339 146.10033226
338.583637062 146.366650065
339.144416809 146.630884886
339.680977591 146.79653637
340.218966566 146.960250508
340.785244597 147.218342978
341.326372042 147.378075455
341.896379688 147.631999813
342.440616714 147.78771765
343.014323862 148.037437215
343.561641292 148.18910764
344.081656868 148.242988043
344.602441552 148.295051538
345.123989054 148.345293823
345.646293063 148.393710617
346.169347251 148.440297661
346.693145269 148.485050717
347.217680747 148.527965569
347.7429473 148.569038023
348.26893852 148.608263909
348.795647983 148.645639075
349.449782332 149.060558649
350.330841728 150.136066634
351.219150409 151.207485271
351.919261238 151.707499191
352.524414621 151.92125718
353.131424575 152.132695743
353.77374468 152.436040569
354.38473807 152.642705941
355.031615945 152.941045299
355.646556635 153.142895774
356.297954621 153.436184371
356.91680611 153.633178511
357.572686157 153.921371327
358.230939911 154.206943828
358.855735249 154.396520261
359.518412913 154.676929057
360.183434458 154.954682348
360.814088401 155.136746598
361.409487488 155.22345751
362.006032255 155.307945239
362.603714599 155.390203441
363.202526389 155.470225798
363.802459464 155.548006025
364.441955489 155.715850425
365.044396649 155.789006278
365.686963748 155.951969312
366.252559448 155.928526639
366.858264507 155.994878841
367.465040907 156.058950904
368.072880289 156.120736748
368.722246729 156.271674186
369.332474251 156.328741752
369.943739106 156.383504143
370.556032824 156.435955403
371.169346906 156.486089606
371.783672824 156.533900857
372.399002026 156.579383293
373.057801397 156.713061928
373.675395884 156.753735241
374.337011424 156.882323348
375.000162615 157.008286984
375.664839482 157.131617766
376.374925648 157.342159165
377.042906134 157.460060764
377.712381711 157.5753037
378.428081601 157.777313462
379.100797964 157.887073277
379.774978481 157.994148962
380.496193995 158.187540067
381.219412505 158.377943284
381.898482348 158.476628708
382.625393013 158.661169695
383.307574899 158.754264489
384.038132488 158.932904386
384.817887467 159.196637024
385.552600241 159.369039247
386.289233777 159.538380634
387.075857722 159.792332945
387.81657224 159.955369963
388.607803071 160.202692298
389.352548288 160.359380378
390.148333605 160.6000249
390.89705884 160.750319856
391.697345825 160.984239126
392.5 161.2146997
393.305007511 161.441689013
394.112354446 161.665194553
394.922026839 161.885203859
395.734010669 162.101704526
396.54829186 162.314684201
397.364856281 162.524130585
398.235583873 162.815512424
399.056940699 163.017691933
399.932968246 163.301453652
400.759058231 163.496314372
401.640324187 163.772400913
402.471087623 163.959891389
403.357529959 164.22824817
404.246669786 164.492635426
405.138490886 164.753038855
406.032976978 165.00944422
406.930111716 165.261837346
407.829878694 165.510204124
408.787343642 165.837992779
409.692587822 166.078091148
410.656020139 166.397234581
411.566672951 166.629005572
412.53600161 166.93944179
413.50838163 167.245412868
414.42714739 167.464494533
415.405315635 167.761665628
416.386480037 168.054324292
417.370621868 168.342454632
418.357722329 168.626040832
419.347762554 168.905067146
420.340723604 169.179517904
421.336586472 169.44937751
422.394034256 169.795587557
423.454854233 170.136805475
424.459815252 170.392427184
425.348673565 170.482595081
426.239326286 170.568842948
427.371628776 170.971256932
428.567923899 171.448053507
429.768470891 171.91899825
430.791084465 172.145704663
431.877372084 172.446926867
432.966842243 172.743002372
434.120940269 173.112792614
435.15524351 173.319645286
436.130207372 173.443198302
437.107280627 173.562318016
438.086445015 173.676992397
439.067682224 173.787209482
440.113918145 173.970662085
441.478619731 174.536768896
442.84825934 175.095993071
444.286481677 175.725416598
445.346566439 175.886064695
446.344925204 175.965061847
447.667209423 176.422020457
448.993807283 176.872383823
450.130053289 177.087839158
451.269122074 177.297880608
452.410990803 177.502492568
453.555636569 177.701659522
454.703036399 177.895366047
456.051369665 178.308798501
457.337522062 178.64063204
458.693835846 179.040771916
459.920668924 179.28524799
461.083595916 179.449531036
462.24913171 179.608256414
463.417252832 179.761409361
464.587935739 179.908975205
465.761156824 180.050939368
467.00505774 180.260454895
468.183513844 180.390957607
469.43306039 180.588552104
470.616653577 180.707533293
471.871744833 180.893144194
473.060376621 181.000544565
474.320911104 181.174110105
475.584241802 181.341520541
476.850342446 181.502760025
478.119186696 181.657812814
479.39074814 181.806663267
480.665000293 181.949295851
481.941916602 182.085695136
483.221470443 182.215845799
484.50363512 182.339732622
485.859923487 182.527212399
487.147448851 182.638300995
488.437503844 182.743080048
489.802257101 182.910728654
491.169920451 183.07158349
492.467835267 183.156889487
493.913860332 183.372845487
495.290078124 183.513219758
496.669088532 183.64673448
498.12435026 183.841192936
499.582771239 184.028296787
501.044319579 184.208028113
502.583088111 184.447492246
504.051005895 184.612191843
505.596499651 184.836120856
507.070655403 184.985715943
508.62273963 185.194034945
510.253343253 185.460352518
511.963052651 185.783939538
513.60128101 186.033112579
515.243162251 186.273800372
516.736669926 186.375985255
518.613933151 186.794397742
520.343154692 187.073786925
522.07628406 187.344128048
523.81328142 187.605399333
525.47709963 187.793783469
526.989890493 187.846433238
528.505233158 187.891408094
530.023094291 187.928692535
531.621244061 188.021093195
533.144239011 188.042705861
535.138834133 188.430570299
536.667803761 188.435217243
538.199118686 188.432093989
539.732745136 188.42118586
541.268649269 188.402478318
542.885964698 188.437051174
544.823310419 188.706677227
546.52608997 188.784176554
548.152026715 188.792469597
549.700513612 188.732292113
551.33118493 188.724067401
552.964263599 188.7074355
554.680205955 188.741718045
556.31817513 188.707972921
557.958440318 188.665774899
559.68201385 188.673684044
561.40817695 188.672600621
563.136890079 188.662508455
564.868113622 188.643391534
566.60180789 188.615234003
568.337933116 188.57802017
570.076449463 188.531734502
571.817317017 188.476361628
573.642992927 188.468403796
575.471294649 188.450809078
577.219328637 188.367563442
579.052578472 188.330906282
580.805125441 188.229088355
582.643155726 188.173306114
584.483599786 188.107807033
586.32641466 188.032575419
588.087664572 187.893171414
589.850857679 187.74453219
591.700186668 187.640539803
593.551715546 187.526754918
595.405400987 187.403162708
597.006985342 187.110452845
598.609640024 186.809506982
599.958117948 186.342621858
601.391840152 185.921385161
602.825870969 185.492958869
604.260179342 185.0573369
605.69473418 184.6145133
607.043618031 184.113261743
608.392364761 183.605337702
609.740945728 183.090737105
611.089332265 182.569455996
612.524019493 182.091626643
613.872088297 181.556700756
615.219875653 181.015082682
616.567352789 180.466768925
618.001638518 179.960799897
619.348562594 179.398810447
620.695089122 178.830115034
622.128795648 178.302930079
623.474591648 177.72053802
624.907810511 177.179098275
626.252756848 176.58299647
627.597159318 175.980173753
628.852635194 175.323791623
630.19571611 174.707797932
631.538167023 174.08507679
632.879958889 173.455626091
634.221062646 172.819443847
635.561449214 172.176528186
636.811867805 171.481716632
638.061227834 170.78072987
639.219998861 170.028969035
640.467022495 169.315913073
641.712908967 168.596682083
642.957631761 167.871276188
644.20116435 167.139695617
645.353286078 166.358754819
646.594223275 165.615109854
647.924355474 164.907909718
649.253459307 164.19396791
650.581505516 163.473283927
651.908464829 162.745857388
653.234307959 162.011688025
654.55900561 161.270775692
655.882528472 160.523120357
657.204847224 159.768722108
658.525932534 159.007581149
659.937388814 158.279738471
661.256044667 157.504824818
662.665261889 156.762632935
663.797352357 155.895598446
665.019699964 155.061866268
666.14814229 154.183379965
667.274662834 153.299317267
668.399237676 152.409681593
669.521842896 151.514476457
670.642454578 150.61370547
671.668201396 149.670232633
672.784637934 148.758633319
673.899010128 147.84147992
675.011294078 146.918776426
676.12146589 145.99052692
677.136081788 145.021060313
678.148314319 144.046644063
679.251784797 143.102370595
680.259297172 142.117776749
681.358223217 141.162746781
682.360927398 140.167996319
683.4552173 139.202229814
684.453025328 138.197344422
685.448299705 137.187548091
686.535411447 136.205864139
687.33666801 135.120526448
688.229515068 134.063908067
689.214241727 133.035124254
690.101531725 131.969633678
691.080864258 130.931395787
692.247515431 129.950752763
693.506954839 128.994986203
694.669060872 128.001938529
695.82880517 127.002845196
697.081544702 126.02774435
698.141102412 124.98654189
699.198031792 123.939909767
700.347971761 122.916986131
701.399664597 121.859212562
702.448657164 120.796028095
703.494925822 119.727439271
704.634468418 118.68137902
705.675305753 117.601699396
706.809542616 116.543957161
707.7485698 115.426193794
708.684584226 114.303665503
709.714013891 113.202793286
710.644023344 112.070455529
711.570957083 110.933376577
712.108020177 109.689556562
712.641328572 108.443445375
713.267725225 107.219947691
713.793574759 105.968983458
714.315641436 104.715761875
714.833916258 103.460294369
715.34839026 102.2025924
715.859054513 100.942667464
716.268595634 99.6574695036
716.771541697 98.393439367
717.173204786 97.1047720378
717.668401212 95.8366839833
718.062158821 94.5445955792
718.549574453 93.2724971234
718.935399428 91.9770361464
719.415003401 90.7009750369
719.792868887 89.4021901956
720.264630627 88.1222144099
720.732491553 86.8401453355
721.196443164 85.5559948545
721.75458227 84.2891489567
722.210750332 83.0005628287
722.761208008 81.728687613
723.307838752 80.4541606903
723.850631329 79.1769935611
724.389574536 77.8971977704
724.924657208 76.6147849075
725.357360255 75.3125566576
725.884634861 74.0252544611
726.506630866 72.751960441
727.124826362 71.4754759163
727.541774147 70.1638732248
727.855928321 68.8346858205
728.067134631 67.4888580814
728.372970534 66.157410292
728.575754972 64.8099698319
728.774301069 63.4618983318
728.968606859 62.1132091231
729.257714658 60.7777082774
729.740838358 59.4679557289
730.319095588 58.1689248835
730.893428552 56.8668348
731.662243512 55.5867889315
733.022756178 54.3758618863
734.379909848 53.1569163221
735.634343706 51.9183521353
736.984632447 50.6837096545
738.331452305 49.4410767902
739.674766372 48.1904631872
741.01453777 46.9318786432
742.350729646 45.6653331091
743.683305176 44.3908366886
745.012227562 43.1083996385
746.437044478 41.8271394704
747.758578453 40.5285393308
748.976708337 39.2135495687
750.290650774 37.8994556218
751.600756531 36.5774746193
752.807273673 35.2400775269
754.10957304 33.9026696974
755.407926969 32.5574088575
756.702298944 31.2043066329
757.593443374 29.8182334854
757.781627897 28.3850535954
757.965322807 26.9509750606
758.244381446 25.5213554554
758.319228669 24.0801783398
758.389543406 22.6387729758
758.455324962 21.1971536181
758.516572685 19.7553345233
758.573285971 18.3133299503
758.625464258 16.8711541593
758.67310703 15.4288214128
758.816173767 13.9891758602
758.854752547 12.5462576337
758.888793544 11.1032252221
759.018278622 9.66197962655
759.043248529 8.21844723109
759.163670877 6.77610131155
759.179564751 5.33212596613
759.290915652 3.88873672207
759.297728907 2.44437550301
759.4 1.0
