1.2 1.0
10.9360248904 5.56380256614
19.5398540912 9.85813506401
27.705668565 13.9056990662
30.1389468592 18.0637627069
40.7098758545 21.5095470605
37.6811960346 25.9217793539
54.7054378029 28.2179675313
59.3322220053 31.5578244494
66.1801141306 34.4469874882
71.082536808 37.4422151598
76.6111463133 40.1874986255
81.9717309789 42.8051899607
86.9665089359 45.3451427447
92.6690413062 47.5845850801
96.929806659 50.0072094333
101.311343732 52.2821398784
106.58098602 54.1925279628
109.652559713 56.5944419537
113.706564455 58.6173226788
117.681155535 60.5573585135
121.57525734 62.4190622425
126.422260674 63.8325426084
128.744501066 66.0676116424
132.301523429 67.7642940177
135.684184123 69.4420386357
138.985752489 71.0697659378
142.206160438 72.6518959719
145.345481736 74.1928273852
148.403931131 75.6969336954
151.470856283 77.1229496716
155.515437399 77.953889896
157.973376252 79.5476170655
160.185117728 81.2324042715
163.359728389 82.3045888871
166.788232621 83.1393634726
168.775745587 84.8014621213
170.949208003 86.3110959069
173.962812453 87.2085689196
177.053816355 87.9746855535
179.087865856 89.4324364521
180.897817282 91.0286625019
183.279615399 92.1589919785
185.589351992 93.2995320811
187.905795736 94.3900389251
190.227945335 95.4305883423
192.405262629 96.5540814936
194.590526186 97.6325143532
196.782858345 98.6659186648
198.909841542 99.7242111289
201.044371146 100.739829146
203.116330499 101.784892638
205.128347464 102.862699478
207.217137348 103.827965059
209.246831336 104.828090503
211.220265854 105.866194767
213.393981348 106.635967044
215.694093283 107.206751634
217.929559007 107.810733146
219.745263825 108.93251281
221.459113175 110.185983976
223.306748402 111.24806193
225.447328059 111.864147074
227.53366217 112.52412242
229.4627054 113.400089282
231.245870098 114.499601856
233.197534869 115.311813267
234.961327315 116.439252663
236.887192424 117.275807973
238.776925935 118.169002735
240.724025288 118.942184234
242.636765503 119.773184381
244.560958802 120.573210675
246.45547873 121.433484721
248.441699155 122.079732466
250.359517819 122.878556477
252.180945869 123.926596235
254.197010175 124.478646425
256.118687639 125.280611624
257.927073756 126.431889395
259.912414645 127.080432663
261.763784547 128.176380778
263.72163237 128.956555292
265.746106184 129.513309655
267.585306962 130.814204443
269.479783345 131.991474438
271.466844246 132.847901093
273.473359473 133.674139689
275.553035683 134.174719582
277.542907336 135.234455298
279.515349388 136.561016112
281.591007858 137.363004544
283.651460977 138.431020049
285.792287066 138.970398612
287.902716496 139.974478707
289.99163675 141.644348145
292.163426186 142.683443319
294.365540532 143.68879727
296.597452211 144.659711362
298.857829808 145.695492146
301.150852895 146.795457877
303.475950003 147.758842226
305.827798764 148.584981491
308.206588222 149.373218304
310.640096817 150.521899198
313.111894378 151.630402727
315.631557273 152.797280665
318.191293422 153.921799766
320.803766556 155.102087257
323.443046543 156.138755857
326.186191078 157.524673444
328.960805587 158.763848013
331.800599361 160.052072858
334.709346621 161.387254036
337.690765699 162.767166573
340.748515463 164.18945581
343.808927355 165.36175919
347.080047015 167.05489807
350.386579098 168.5893572
353.783419504 170.15553135
357.273877677 171.750440514
360.894476713 173.465279711
364.618037278 175.2014617
368.411338246 176.862385971
372.386083058 178.724126048
376.005397902 179.491398924
380.723037757 182.563986449
384.841082016 183.988745016
388.458543569 184.157435202
394.123062876 188.277892542
397.993967263 188.541308463
403.852291832 192.332149628
409.16679853 194.763696545
414.734747514 197.333129433
420.2549627 199.517389531
426.031594195 201.829398407
431.038753746 202.665800315
437.386735268 205.302043485
445.049038764 209.510854283
452.351802027 212.796455162
459.912782861 216.062553406
466.821727868 218.110458318
472.466508284 218.269564183
481.897999642 222.866463726
491.90379215 227.67583585
502.302567421 232.448549822
510.754430255 234.57168092
518.845457108 235.97207473
527.101419852 237.246132458
536.084888199 238.955805906
545.320703009 240.579136561
555.246330594 242.518675713
563.965962048 242.986736992
572.164589319 242.707336092
579.585177903 241.511056496
587.265407637 240.331977752
595.21060401 239.157908288
604.213831574 238.591970991
612.71303165 237.378002014
619.553497379 234.714296338
627.121751571 232.412725772
637.915026731 232.13155282
647.694700094 230.849158203
652.96543191 226.408171717
656.820274028 221.018026631
659.991256464 215.204353993
662.547275371 209.046805121
663.59865784 202.087707275
640.337491379 182.267073573
640.842792352 175.685977976
642.033024022 169.53219419
643.295067426 163.470110116
644.633400312 157.493033037
645.868873354 151.514326377
645.894023647 145.074336387
645.89552813 138.708291761
645.876280598 132.413844474
646.215187539 126.324713913
647.961342336 120.778563356
649.713779346 115.239583927
651.473615062 109.704682121
652.761897658 104.030546737
653.380202511 98.1837562231
653.32110464 92.1932399689
653.355745713 86.275828765
653.291953614 80.3801329766
653.130423836 74.5077802759
653.461144237 68.7733687697
652.911050599 62.9086453154
652.363032213 57.0939705307
652.016729107 51.3545671075
652.271755836 45.7282912695
652.73517068 40.1396137636
653.209531867 34.5569158056
653.695255851 28.9768831106
653.993030877 23.3835674266
653.90272057 17.7736213469
653.92351271 12.1784234717
653.85590035 6.58675104863
653.9 1.0
