1.2 1.0
20.6348161688 5.41067601861
19.5398540912 9.85813506401
27.705668565 13.9056990662
41.0172215605 17.3759113256
44.0992892421 21.2414484061
38.577161589 25.8366575269
56.5938481278 28.0084288834
61.7131068659 31.2555211573
69.2488763923 34.008013478
76.0203595689 36.656144945
82.3239124128 39.1853491898
88.0608087624 41.6376576285
95.8755382038 43.4906353965
98.4255243946 46.2911777767
103.637247224 48.3884935641
108.282875531 50.4827665493
114.29460572 52.0711908556
118.483605858 54.0151738449
121.253836972 56.2830824266
125.380752199 58.0421624553
129.328743773 59.7500833851
134.320706018 60.9734236598
139.681669939 61.9120927766
141.313574524 64.1764067491
144.730785222 65.6738814524
149.805616502 66.3612053566
151.766664278 68.3106097186
156.011310582 69.1450461862
158.002025432 70.967601207
160.993096174 72.2426886681
164.782926143 73.0179348324
167.686842201 74.1755988928
169.725835501 75.7574883472
172.555017108 76.8331479998
175.81088268 77.5759305473
178.467967332 78.6118872054
180.542511868 79.9692885188
182.877033969 81.1113027484
185.380848713 82.0839697989
187.805162577 83.0568001792
190.231343992 83.9735027479
192.579416468 84.8958177358
194.773335982 85.8904539957
197.432650656 86.4528457608
199.855742947 87.1483475139
201.527262601 88.4529015476
203.952066867 89.0504658757
206.007754186 89.9371560536
207.70962179 91.1303838331
210.059545874 91.6532112594
211.7097318 92.845460101
213.920332505 93.4228372422
216.327945522 93.7307785981
217.670620741 95.1906752856
219.426252925 96.1733223249
221.445931838 96.8147607376
223.21696549 97.7296004926
225.423741815 98.0574145293
227.621565071 98.3398795826
228.992030945 99.7138710144
230.387882578 101.068791878
232.255281635 101.74032526
234.344408206 102.042531967
236.37291512 102.388776843
238.395885114 102.696327511
239.958509437 103.742490776
241.342480107 105.113137307
242.897936003 106.2019215
244.843660203 106.558458591
246.831246925 106.790565253
248.725357489 107.166477927
250.533905577 107.690512711
252.061809485 108.82360544
253.848268696 109.382921614
255.715861641 109.727526827
257.14774679 111.158632866
258.961634021 111.633866957
260.779828558 112.079332695
262.411036417 113.063864902
264.124186652 113.833886827
265.852295537 114.577701508
267.594961846 115.295028336
269.351779217 115.985592849
271.146562475 116.552105749
272.883524979 117.382759816
274.766453066 117.600849521
276.629892455 117.886603481
278.496060191 118.142607845
280.18297701 119.453769884
281.846206788 121.136130252
283.664695199 122.002346329
285.517840432 122.741640593
287.380027156 123.551933014
289.272874771 124.234000115
291.184122584 124.886723685
293.113313921 125.509692614
295.059983716 126.102502929
297.028394241 126.464814029
299.008593116 126.59608717
300.992985557 126.796080939
303.023697653 128.664197223
305.066278681 129.300010991
307.129680616 129.902977678
309.220470824 130.572346269
311.342829264 131.307253153
313.470182054 131.808272657
315.604349747 132.175128241
317.766817998 132.606155548
319.97664323 133.199182014
322.341589615 134.544050311
324.699739428 135.551710774
327.05599699 136.321738929
329.379209297 136.757401496
331.700180422 137.05582884
334.377017504 138.672911887
336.906638977 139.465844162
339.497049871 140.309091776
342.151972457 141.200467966
344.814466167 141.947059643
347.542724668 142.738983103
350.307028055 143.479517574
353.141206115 144.261481957
355.939954909 144.802682328
358.806619848 145.383487498
361.705413245 145.909254281
364.757182781 146.653243281
367.973816826 147.608731753
371.236526237 148.498465516
374.499122763 149.231881549
377.987637463 150.25310182
381.622081453 151.376347273
385.114761084 152.072954051
388.447674754 152.350912883
391.91396115 152.731947017
396.158226022 154.226647709
400.363153597 155.456716915
404.574631151 156.508541629
408.501249469 156.972686275
412.526608856 157.432261057
417.1898155 158.605542869
421.673846075 159.352660797
426.210170085 159.996833198
430.860045752 160.613935563
435.689550005 161.27584353
440.57198569 161.824366435
445.638948307 162.406495334
450.963154 163.087557
456.34446237 163.639998421
461.850558795 164.133186746
468.054339856 165.121140794
473.965555428 165.609342155
479.490957159 165.54557514
485.13173713 165.414111034
491.191382503 165.470955662
497.374921696 165.44071967
503.837746349 165.443860218
510.348890277 165.283152998
516.984552573 165.017389153
523.582517742 164.523263666
529.809765578 163.572204404
536.061792001 162.464641198
543.002557911 161.640738447
549.975040841 160.637210438
556.890168659 159.400382722
563.569630837 157.830927118
569.655377782 155.741032804
574.864833761 153.013595319
580.231207243 150.253879303
585.75618962 147.453440021
591.620603487 144.692148783
597.558547121 141.82453989
602.931393088 138.556755856
608.366124361 135.193976565
613.677046264 131.655082744
617.651574181 127.463779084
620.356219895 122.717633787
622.989997066 117.917542719
625.740984877 113.129660533
628.326010835 108.252928209
630.933569605 103.352002953
633.084023094 98.2832645383
634.963935477 93.1190638797
637.538331262 88.1196586823
640.718538851 83.2260742287
643.827905147 78.2536836811
645.787817297 72.9793401537
646.586378998 67.4551871042
647.395276434 61.9410527567
648.116504638 56.417950146
650.531844142 51.1421603284
656.239897271 46.2321300898
663.966242612 41.3858173013
671.92525678 36.3350161922
680.013053919 31.0585903093
686.627854981 25.4471215705
686.765829536 19.331205717
686.807114992 13.217028759
686.951775743 7.10927565928
687.4 1.0
