1.2 1.0
2.40147153753 1.93587230502
3.70586042328 2.86355909155
4.91313249582 3.78399471386
6.12325158781 4.69685578281
10.9357369863 5.54553059139
12.6511581879 6.42246339506
14.4691951283 7.28645124933
16.089869884 8.14408969058
17.8130591405 8.98876763686
19.5387364728 9.82267877191
21.1669110309 10.6492743745
22.7974950353 11.4657174291
24.4304407353 12.2720010057
25.9657972609 13.0725195847
27.603337357 13.8587783624
29.1432233274 14.6398874825
30.1860277476 15.4381569929
30.1329261944 16.2922357944
30.1823505878 17.1408198579
30.1346410288 17.995529628
30.1894218167 18.8440998766
30.1471100874 19.6994065629
41.2782270006 19.7457775522
41.3384567481 20.5592955527
31.8308973357 22.1265798512
32.9949859618 22.8799560892
34.061510308 23.6347012425
35.2297438202 24.3741618557
36.3004029045 25.1156068074
37.3730970226 25.8505499432
38.5473210641 26.5692525754
39.6239632291 27.2908629659
40.7025484967 28.0059557111
42.0813333404 28.6825105173
51.8109668017 28.4279747722
53.5875651503 29.0162801144
54.2728302947 29.7213869546
55.0593742639 30.4105400152
56.3440599549 31.0338622349
57.7294418163 31.63685097
59.0170238477 32.2442827535
60.2068896044 32.8570903693
62.1909125986 33.3548752016
63.9775879028 33.8680846389
64.5771181373 34.5396287317
65.1785330174 35.2077278424
66.1774556302 35.8134707322
67.3755828142 36.3831955728
68.4761550231 36.9610790593
69.5780515297 37.5323919712
70.6812418973 38.097131725
71.7856956863 38.6552958638
72.8913824544 39.2068820568
73.9982717573 39.7518880998
75.1063331492 40.2903119151
76.0186294837 40.8571908398
76.8338615701 41.4365510186
77.7488568903 41.9930407072
79.0582722278 42.4703861694
80.2702550387 42.9586603602
81.3849474566 43.4587894489
82.5006027231 43.9523245492
83.5191465301 44.4589470761
84.5387170643 44.9595900309
85.4613686616 45.4745507391
86.3851205639 45.9841448012
87.2121596178 46.5092846072
88.1381045113 47.0084474844
89.2603869181 47.4591807728
90.4809862306 47.8814768227
91.7996645838 48.2744152007
93.3136259399 48.614627772
94.4381484762 49.0368108653
94.9794457688 49.5907639654
95.424958921 50.1651560309
96.0663693203 50.6898810402
96.8061346296 51.1870807661
97.5470045242 51.6801205885
98.482819882 52.1198211782
99.6130950339 52.5043524192
100.647012932 52.9074806453
102.068250281 53.2026096391
103.489359928 53.4893164218
104.717240426 53.8198240564
105.173656295 54.354435602
105.535135353 54.9134159359
105.994482138 55.4436317581
106.743823335 55.8895270599
107.494044676 56.3312494411
108.341148799 56.7408715052
109.092985643 57.1739429743
109.941489127 57.5743090525
110.694862379 57.9987269168
111.544682349 58.3898357653
112.299512942 58.8055979847
113.150566566 59.1874490358
113.906775471 59.5945542221
114.663691368 59.9974804783
115.516488188 60.3655949998
116.274664874 60.7598630603
117.033491228 61.149951519
117.792948465 61.5358602065
118.553017808 61.9175890304
119.313680483 62.2951379749
119.980319889 62.7009300807
120.742215366 63.0704168507
121.693432913 63.3696892207
122.833327998 63.596967432
123.878697363 63.8513067294
124.735753231 64.1675059232
125.123203272 64.6499486729
125.511952508 65.1305799324
125.901993381 65.6093963073
126.57424557 65.9811334177
127.247109437 66.3492831026
127.827149186 66.7495204747
128.501301338 67.1107885087
129.26921204 67.4322063648
130.037442745 67.7494504193
130.713011053 68.0993693949
131.48194216 68.4085616361
132.15840811 68.7510149862
132.835356785 69.0898822066
133.512772328 69.4251636622
134.190638886 69.7568597823
134.868940615 70.0849710602
135.547661677 70.4094980536
136.134778819 70.7696157895
136.814414716 71.0872652883
137.494423392 71.4013321699
138.174789041 71.7118172452
138.763988483 72.0590500217
139.445147973 72.3626617404
140.035366048 72.7035974322
140.71725988 73.000338193
141.399433598 73.2935013467
141.991009466 73.6248505027
142.58309729 73.9531955522
143.266281556 74.2362034978
143.859220606 74.5582558955
144.452631618 74.8773049695
145.136695692 75.1501650624
145.730875319 75.4629248017
146.325486974 75.7726824871
146.920517659 76.0794385054
147.51595438 76.3831932956
148.022280194 76.7285460213
148.618630729 77.026581126
149.215349248 77.3216161877
149.901502011 77.568210776
150.498774266 77.8569678304
151.096374752 78.1427273817
151.871583665 78.3329313678
152.646511036 78.5190253437
153.509492436 78.654176924
154.283654498 78.8317843405
155.057479684 79.0052934384
155.479318052 79.365378129
155.901986032 79.7235820478
156.237869552 80.1281229969
156.574871514 80.5313304217
157.000288264 80.8844317967
157.600800949 81.1375574215
158.114495082 81.4370156958
158.71549926 81.6844461499
159.229971998 81.9787578095
159.831419829 82.2204969992
160.346626798 82.5096641715
160.948470509 82.7457163791
161.464367393 83.0297415457
162.152445611 83.2088909365
162.840276307 83.3845264385
163.613406673 83.5048917376
164.300533286 83.6732407339
164.987365724 83.8380865654
165.58881839 84.0519973157
165.935563947 84.421442003
166.368041117 84.7364291404
166.716601215 85.1028870394
167.066143765 85.4679813099
167.500897018 85.7778137773
167.936282653 86.0857482802
168.456185775 86.3373595742
168.976362882 86.5865440148
169.496803857 86.8333023747
170.017498591 87.0776354664
170.538436982 87.3195441422
171.059608936 87.5590292934
171.581004367 87.7960918513
172.185287657 87.9744750406
172.871916762 88.0934007385
173.475706767 88.2656474328
174.079319639 88.4349601556
174.682742903 88.6013417348
175.285964101 88.7647950474
175.888970789 88.92532302
176.247502191 89.2571203131
176.688125354 89.5292130959
177.048185078 89.8579833631
177.409092313 90.1853651244
177.770841888 90.5113563034
178.13342863 90.8359548422
178.577153473 91.0995690398
179.101447861 91.3014401364
179.545878997 91.5610000684
180.070485803 91.7583143551
180.515589824 92.0138216148
180.961113248 92.2674281491
181.486216052 92.4580396372
181.932363124 92.7075957729
182.378906182 92.9552515576
182.82583769 93.2010069737
183.351542896 93.3827768327
183.799033082 93.6244853556
184.24688836 93.8642942448
184.772904785 94.0393815995
185.221269751 94.2751471858
185.669976499 94.5090141444
186.119017525 94.740982662
186.56838533 94.9710529539
187.01807242 95.1992252636
187.54467575 95.361221102
187.994776429 95.5853577086
188.445173185 95.8075978717
188.895858544 96.0279419504
189.34682504 96.2463903322
189.798065211 96.4629434325
190.249571601 96.6776016952
190.701336757 96.8903655921
191.078389981 97.1674210473
191.530858849 97.3766331529
191.983564904 97.5839518201
192.362165196 97.8562673182
192.815534062 98.0600343167
193.269118577 98.2619090425
193.722911327 98.4618921589
194.176904906 98.6599843573
194.557817289 98.924236556
195.01240469 99.1187791963
195.467171459 99.3114324844
195.84948084 99.5709356694
196.304800725 99.7600407417
196.760278565 99.9472582638
197.143929338 100.202009698
197.599919666 100.385680798
198.056046586 100.567466385
198.440983219 100.817463956
198.897582084 100.995705365
199.354296231 101.172063535
199.740463271 101.417305754
200.197608907 101.590122438
200.654848571 101.761058388
201.042190653 102.001544391
201.430062111 102.240591388
201.818457727 102.478198431
202.207372282 102.71436459
202.66588084 102.876784634
203.055589897 103.109849425
203.445801552 103.341471369
203.904905673 103.498696803
204.295877115 103.727215785
204.687334826 103.954290136
205.146977388 104.106324255
205.539160213 104.330294429
205.931812987 104.552818369
206.324930495 104.773895336
206.785280243 104.919084006
207.179077147 105.137055272
207.57332248 105.353578198
207.968011032 105.568652122
208.363137588 105.782276399
208.758696938 105.994450404
209.220040212 106.129486353
209.616211176 106.338552856
210.077677676 106.470071337
210.474436839 106.67603106
210.871601465 106.880539168
211.269166349 107.083595149
211.667126289 107.285198509
212.001801554 107.562456195
212.464210529 107.684045488
212.926512733 107.80378184
213.388701093 107.921667129
213.850768541 108.037703259
214.312708023 108.151892161
214.774512496 108.264235791
215.174213067 108.453226434
215.635973571 108.562079957
216.097578613 108.669093455
216.559021189 108.774268984
216.959324652 108.956872119
217.299230714 109.217478993
217.639954635 109.477015665
217.981493044 109.735479567
218.323842565 109.992868145
218.66699981 110.249178853
219.010961387 110.504409156
219.355723895 110.75855653
219.701283923 111.011618461
220.047638054 111.263592447
220.45323016 111.433334678
220.917290436 111.520292472
221.323174006 111.686932614
221.6716438 111.933802851
222.020888211 112.179576023
222.42806807 112.342199442
222.835499013 112.503362225
223.243175884 112.663064402
223.707481199 112.738720124
224.115374475 112.895324339
224.523497668 113.050468967
224.931845634 113.204154113
225.395757627 113.273091255
225.804277526 113.423684189
226.213006242 113.572818887
226.621938644 113.720495526
227.031069607 113.866714302
227.386366006 114.095623957
227.742380509 114.323415169
228.099109594 114.550085684
228.456549732 114.77563326
228.81469739 115.000055668
229.173549026 115.223350688
229.53310109 115.445516111
229.893350027 115.666549741
230.254292274 115.886449392
230.615924262 116.105212888
230.978242415 116.322838067
231.341243148 116.539322776
231.755737663 116.668537892
232.119821686 116.882575878
232.484577001 117.095467858
232.9 117.220609188
233.265814481 117.431046045
233.681743251 117.553416174
234.048600456 117.761393012
234.416109878 117.968215154
234.832900047 118.086502568
235.201427973 118.290856691
235.570596716 118.494050881
235.988208295 118.608250232
236.358371265 118.80896864
236.729163611 119.008521992
237.100581665 119.206908314
237.519318825 119.315698367
237.89169896 119.511598343
238.264693306 119.706326316
238.638298175 119.899880358
239.058090956 120.003250889
239.432625651 120.19430844
239.807759318 120.384187235
240.183488248 120.572885396
240.559808726 120.760401057
240.936717029 120.946732363
241.358103066 121.042025658
241.735893056 121.22584515
242.114259241 121.408475685
242.493197879 121.589915457
242.915465174 121.679765842
243.295252986 121.858684694
243.675601571 122.036408331
244.098412407 122.122138788
244.479585513 122.2973354
244.902641034 122.380274489
245.284621932 122.552940741
245.707903761 122.633088779
246.09067571 122.803221446
246.473980788 122.972149556
246.89771174 123.048174839
247.28178314 123.214563826
247.66637589 123.379744188
248.090515874 123.451645386
248.437110221 123.706472517
248.784794325 123.960329813
249.171724877 124.12077992
249.521289589 124.372565002
249.871935609 124.623368181
250.260945864 124.780396241
250.61345434 125.029105889
250.967035544 125.276821639
251.35809532 125.430402672
251.713520592 125.676003731
252.070009882 125.920598971
252.427560377 126.164184128
252.821403449 126.313167814
253.215713087 126.460912232
253.645130287 126.513609039
254.040066186 126.658762066
254.4354566 126.802672407
254.831297618 126.94533864
255.227585326 127.086759353
255.624315804 127.226933149
256.054353975 127.271414799
256.451661057 127.408987716
256.849398805 127.545310528
257.247563285 127.680381887
257.646150559 127.814200457
258.045156686 127.946764915
258.44457772 128.078073951
258.84440971 128.208126265
259.214166017 128.43216135
259.584924684 128.655127931
259.92679957 128.972452533
260.299853992 129.19336335
260.64461954 129.508809149
261.019958488 129.727644132
261.396284877 129.945388358
261.745216637 130.257926449
262.123810124 130.473565798
262.475606557 130.784166587
262.883928552 130.901529014
263.292617601 131.017606798
263.647934163 131.325044828
264.031386572 131.535124959
264.415801035 131.744081258
264.827132111 131.855337547
265.21315701 132.061953117
265.600133827 132.267433918
265.988059239 132.471776004
266.401670946 132.578084363
266.7911787 132.780059902
267.181624747 132.980885911
267.573005707 133.180558484
267.965318184 133.379073727
268.358558765 133.576427756
268.775632584 133.675276067
269.170412856 133.870224492
269.566110683 134.064001071
269.962722597 134.256601961
270.360245112 134.448023328
270.758674731 134.638261349
271.158007938 134.827312212
271.558241203 135.015172113
271.959370983 135.201837261
272.361393718 135.387303875
272.764305835 135.571568183
273.187632051 135.656551734
273.611223425 135.740203617
273.997253591 136.018914153
274.384776102 136.296527319
274.792080988 136.474723912
275.200253499 136.6516958
275.626964382 136.729013607
276.036551482 136.903469916
276.464049993 136.978156545
276.875036173 137.150086478
277.28687111 137.320775291
277.715675752 137.391527936
278.128886518 137.559673385
278.542934606 137.726567809
278.973009146 137.793368464
279.388409615 137.957702747
279.804635862 138.120776206
280.193164501 138.480541414
280.597705024 138.740193661
281.00368302 138.998659201
281.411095019 139.25593156
281.80692388 139.611153885
282.217505235 139.866060936
282.629510153 140.119754465
283.042935054 140.372228038
283.481307235 140.424864315
283.908389673 140.575463736
284.336256054 140.724754878
284.754074299 140.972146335
285.162778418 141.317735357
285.58370826 141.562656963
286.006031998 141.806316831
286.429745855 142.048708617
286.864109698 142.190255988
287.290279181 142.430063978
287.717827199 142.668585901
288.155073784 142.8061625
288.585053782 143.042067722
289.016400518 143.276669002
289.449110036 143.509960076
289.890248112 143.642184913
290.325357504 143.872815093
290.761817591 144.102117335
291.199624317 144.330085425
291.638773603 144.556713159
292.07926134 144.781994349
292.526269885 144.906057406
292.969108028 145.128611171
293.413272101 145.349800885
293.858757898 145.56962041
294.305561187 145.788063619
294.753677711 146.005124401
295.203103189 146.220796655
295.653833312 146.435074295
296.108536457 146.547986972
296.561548472 146.759449269
297.013808098 147.069478872
297.46971322 147.278117464
297.92690107 147.485331214
298.385367188 147.691114117
298.84510709 147.895460183
299.306116268 148.098363435
299.768390187 148.299817912
300.231924287 148.499817665
300.697185694 148.798355648
301.163540848 148.995426188
301.63114235 149.191023259
302.099985538 149.38514097
302.571795244 149.677758489
303.043422137 149.868893936
303.513918228 149.958559266
303.987681049 150.146700935
304.462661877 150.333334018
304.93555453 150.418507225
305.412642637 150.602116628
305.894864196 150.884123829
306.37466872 151.064664724
306.860225251 151.343564244
307.342726404 151.521009726
307.826411341 151.696905361
308.31127508 151.87124546
308.791498131 151.944193531
309.278390518 152.115424327
309.760004428 152.185291327
310.248905493 152.353394201
310.738960223 152.519915303
311.230163495 152.684849039
311.737904141 153.047596516
312.248037029 153.4086467
312.752232581 153.668335172
313.266819566 154.025983083
313.774831226 154.282301733
314.275322254 154.43736564
314.786501341 154.690335994
315.299412366 154.941605751
315.814049679 155.19116652
316.3198922 155.339564333
316.837652319 155.58571559
317.35712167 155.830133783
317.878294463 156.072810599
318.401164875 156.313737742
318.925727045 156.552906935
319.451975079 156.790309922
319.979903046 157.025938466
320.496491336 157.160634742
321.027449505 157.392731184
321.560069738 157.623029574
322.094345968 157.851521753
322.630272093 158.078199585
323.167841977 158.303054955
323.707049446 158.526079766
324.263081209 158.846105084
324.805855946 159.06539631
325.350249394 159.282831841
325.89625524 159.498403666
326.460302108 159.810744008
327.009823789 160.022512302
327.577993596 160.330926908
328.131004782 160.538855988
328.703270372 160.843305365
329.259744422 161.047359729
329.836078308 161.347804572
330.395988271 161.547948903
330.976362632 161.844350097
331.539681252 162.040549262
332.124067936 162.332867883
332.690767651 162.525086938
333.279138176 162.813284258
333.869643801 163.099374548
334.462277082 163.383347232
335.0359626 163.567436237
335.632521362 163.847208823
336.231185382 164.124833198
336.831947036 164.400298891
337.434798654 164.673595457
338.039732525 164.944712478
338.669649449 165.310980192
339.279030499 165.577634456
339.890470162 165.842077123
340.503960542 166.104297886
341.119493699 166.364286465
341.761497868 166.71900101
342.381397401 166.974417168
343.00331538 167.227569513
343.652593625 167.575181434
344.278828171 167.823695487
344.933014255 168.166486563
345.563531516 168.410318069
346.196025666 168.651833311
346.857356112 168.987345292
347.494081741 169.224113015
348.160231864 169.554685686
348.828929439 169.882727506
349.500165123 170.208225724
350.173929514 170.531167627
350.85021316 170.851540534
351.529006549 171.169331796
352.210300119 171.484528804
352.89408425 171.797118979
353.58034927 172.107089778
354.269085451 172.414428693
354.960283013 172.719123254
355.65393212 173.021161023
356.350022883 173.320529599
357.079925197 173.712165581
357.781167824 174.006059561
358.484821804 174.297246425
359.223151229 174.680362616
359.93189503 174.965996557
360.675888229 175.343329633
361.389679706 175.62335819
362.139293012 175.994852107
362.858089563 176.26922313
363.613278828 176.634822165
364.37138712 176.997399186
365.09775799 177.263132574
365.86137478 177.619730812
366.627876085 177.97326388
367.361721825 178.230241304
368.133663082 178.577712439
368.908453786 178.922075631
369.686082005 179.263316403
370.503237066 179.694441892
371.28679662 180.029278688
372.110442803 180.453737879
372.899883747 180.782109649
373.72996937 181.199838004
374.41076313 181.244385018
375.323264203 181.840304882
376.16276582 182.247877512
376.966543381 182.559883234
377.773034177 182.868620589
378.621833559 183.265897216
379.434001447 183.567930958
380.289028817 183.958224334
381.147293694 184.344939189
381.968022174 184.636742894
382.832432815 185.016379907
383.700038939 185.392389977
384.445967761 185.491974158
385.15144377 185.497890568
385.899981424 185.591855701
387.244607017 186.950365814
388.085499432 187.217466393
388.928932022 187.481111776
389.774891357 187.741288637
390.623363944 187.997983699
391.518229871 188.341035551
392.416146579 188.680302247
393.317099091 189.015768002
394.221072363 189.347417085
394.947969782 189.318063484
395.720913987 189.375148641
396.495154409 189.429231213
397.270679798 189.480303617
398.047478867 189.528358312
399.011215335 189.927682561
400.912370716 192.091348408
401.888602217 192.47930107
402.82101567 192.774864715
403.803821626 193.154434286
404.837833614 193.617545003
405.923862264 194.163726934
406.966000988 194.61744403
408.060668729 195.153887095
409.110856721 195.598126778
410.214083802 196.124744027
411.321697197 196.64633841
412.383948787 197.076128213
413.5 197.587766659
414.570103511 198.007871369
415.745054608 198.595754847
416.874015915 199.092060426
418.058323723 199.66917778
419.247411543 200.240796125
420.389631414 200.721247362
421.58794137 201.281957533
422.790962825 201.837096794
424.05110329 202.471793988
425.052952501 202.675603559
426.00434145 202.790277109
426.957685185 202.900956344
427.966465664 203.092116782
428.923937157 203.194605338
429.937343567 203.377214001
430.898877365 203.471464421
434.20820144 207.165367281
435.568525679 207.829555057
436.879265291 208.40375294
438.250294843 209.055031123
439.57116108 209.616612461
440.896919971 210.171933927
442.227545178 210.720970322
443.61939792 211.346282451
444.846641523 211.717679466
446.305259615 212.412348289
447.655342797 212.93581515
448.952736362 213.371001622
450.31200019 213.881804292
451.618007089 214.304641127
452.986345432 214.802684995
454.359308705 215.294222545
455.854273837 215.941143867
457.413782618 216.661542798
458.920144689 217.293660591
460.194177696 217.596826921
461.471683196 217.894111321
462.752636769 218.185494968
464.880082265 219.588651289
465.92948934 219.546939048
467.040981134 219.580238406
468.154319097 219.608702867
469.269483795 219.63232116
472.906601731 222.885098819
474.961239887 224.071321638
476.095607352 224.069444504
477.231688977 224.062633407
478.431919226 224.128976606
479.571614919 224.112068511
480.775908766 224.167898251
485.584058129 228.636217172
486.806449271 228.669937653
488.030882786 228.69821501
489.25733651 228.721036747
490.485788221 228.738390453
491.716215635 228.750263803
496.826960163 233.334667566
498.140528412 233.399421257
499.391326643 233.382311848
500.709327939 233.435315041
502.029628634 233.482320089
507.367899854 238.115065127
508.707145119 238.137381229
510.048575597 238.153612433
511.39216624 238.163745232
512.737891938 238.16776622
518.307136229 242.842168101
519.738981529 242.894646482
521.173309159 242.940503669
522.542387814 242.906129782
523.981366413 242.938912744
529.785326385 247.647752429
531.24378215 247.653447608
532.773163565 247.725139222
534.236422707 247.717121978
538.810539343 250.95602873
540.635013067 251.285098411
542.463907865 251.605154342
544.297185058 251.916172004
546.204790157 252.289556695
548.187357103 252.7246229
550.104651215 253.078704854
552.097270648 253.493972467
554.165840645 253.969732279
556.168784636 254.364645873
558.176714007 254.74945191
560.261124575 255.193994884
562.350871549 255.627925015
564.445908755 256.051213176
566.546189888 256.463830427
568.651668513 256.865748011
570.834927439 257.32567581
573.096567388 257.842899222
575.437184634 258.416699771
577.857370981 259.046355122
580.210737218 259.595500246
582.643991027 260.199969785
585.083801697 260.7916781
587.381863376 261.236343738
589.908532965 261.86978076
592.665648162 262.689851515
596.028807002 264.026510879
599.927984643 265.807881356
601.886816769 265.852619132
603.848885218 265.887645902
605.814148255 265.912941789
608.388882816 266.450385111
614.313768168 269.834177775
616.453002571 269.945323744
619.130845058 270.497298192
626.18172388 274.698964205
629.114588498 275.400870329
636.136454879 279.468191544
639.558346391 280.507011354
646.550788906 284.439306922
649.302951216 284.86168863
651.983375254 285.206726777
655.527414324 286.226046609
657.908361765 286.290894665
659.822861631 285.971065633
663.782157835 287.249806359
667.201552771 288.075303088
668.892262107 287.532561776
670.345678897 286.79873709
671.877482212 286.119445538
673.329119145 285.372746231
674.779731864 284.61973236
676.309224739 283.920496564
677.918138131 283.274283051
679.607007629 282.680332574
681.45685715 282.197219285
683.226733354 281.646166628
685.077772037 281.145586229
687.010491927 280.694707026
688.944173783 280.234434982
690.797361503 279.706695726
692.732665084 279.227863048
694.668811311 278.739607147
696.605760034 278.241918021
698.297050927 277.563680231
699.658714149 276.650434799
701.018567567 275.731356905
702.459262411 274.862706661
703.815603041 273.931710763
705.253090009 273.050625873
706.52262012 272.052244652
707.623123405 270.938139702
708.720637343 269.819792072
709.815146129 268.697209554
710.906633976 267.570399997
711.995085117 266.439371306
713.080483805 265.304131445
714.162814314 264.164688437
715.32663162 263.074415134
716.402946068 261.926323904
717.47614444 260.774053406
718.54621109 259.617611895
719.613130392 258.457007678
720.676886743 257.292249122
721.73746456 256.123344652
722.709123456 254.898812418
723.505477066 253.568249974
724.297642477 252.23518979
725.171818628 250.950324353
725.955743124 249.612036916
726.821979003 248.321426973
727.597628161 246.977963223
728.282211218 245.582475975
728.962246936 244.185116123
729.637730308 242.785898463
730.308656377 241.384837806
730.975020233 239.981948974
731.549210596 238.529027351
732.206284283 237.122802427
732.858782185 235.714794347
733.506699585 234.305017981
734.150031816 232.893488211
734.435359283 231.292875715
734.537916403 229.599648311
734.811419584 228.000615415
735.167959059 226.448125759
735.341165953 224.804198411
735.597421464 223.206855012
735.669496819 221.519793991
736.092728478 220.013999938
736.510800645 218.507726117
736.923714492 217.000990078
737.33147125 215.49380936
737.823992933 214.029953791
738.221576591 212.52165329
738.614006319 211.01296022
739.091613068 209.54679411
739.473873867 208.037084091
739.941581944 206.569366581
740.404406774 205.100755741
740.862347366 203.631267763
741.315402782 202.160918836
741.76357214 200.689725149
742.206854609 199.217702885
742.645249412 197.744868225
743.170263211 196.311565979
743.599006938 194.836867092
744.022860083 193.361403936
744.533705858 191.92465623
744.947899848 190.447423896
745.449330976 189.008360274
745.946112328 187.568016818
746.345867911 186.088103882
746.83322049 184.645536474
747.315915084 183.201734658
747.70121859 181.719281963
747.895928937 180.161929109
748.178239272 178.641987838
748.455422155 177.122043877
744.720152918 174.042843217
743.022753671 171.780208835
739.353726195 168.780789361
735.763788378 165.841532201
732.06610742 162.891441463
728.447975364 160.001045301
725.191422882 157.273010809
724.177249023 155.387892697
723.343591229 153.578516723
722.691126328 151.843136151
721.937656844 150.080058147
721.271682854 148.356232394
720.599050821 146.638073486
720.108985482 144.990452175
719.423327642 143.283105918
718.636297472 141.549672496
718.601721 140.074833006
718.562013318 138.601602488
718.517184207 137.129998617
718.562436241 135.690671421
718.507489723 134.22207417
718.447450542 132.755156008
718.382328722 131.289934428
718.025422805 129.738129117
717.471576765 128.131595573
717.007523693 126.558652364
716.441870773 124.961357959
715.966238318 123.397093838
715.388872894 121.809123312
714.901751939 120.253621486
714.408964197 118.702380575
713.814251003 117.128401636
713.40647638 115.612762322
713.089717866 114.127251328
712.671180018 112.618758201
712.150634488 111.088212318
712.204713753 109.715058569
712.254235394 108.34265415
712.396056716 106.995907492
712.630416432 105.673919555
712.860540846 104.351506097
713.086429599 103.028680678
713.502397414 101.7528031
713.914424845 100.475318072
714.41981038 99.2192993492
714.824011128 97.9383298372
715.22425265 96.6557892205
715.718046782 95.3938323187
716.110421385 94.1078794467
716.596473312 92.8419208419
716.980953898 91.5526039741
717.459232809 90.2826911711
717.933646391 89.0106653439
718.30626795 87.7162395058
718.772861877 86.4403309651
719.039478139 85.1229799833
719.20384509 83.7854230035
719.462110246 82.4667298226
719.618002 81.1284743222
719.76962603 79.7900441858
719.818641564 78.433314504
719.863277196 77.0770560831
719.903536375 75.7212830469
719.840914638 74.3487995541
719.773816217 72.9774493751
719.800861872 71.6238371323
719.823547278 70.2707669263
719.64444283 68.8863138025
719.55955298 67.5193318018
719.470218492 66.1535555299
719.376446112 64.7889994135
719.179332927 63.410951338
719.076659364 62.0491898073
718.969569404 60.6886916706
718.858069979 59.3294712286
718.742168066 57.9715427508
718.621870691 56.6149204753
718.497184923 55.259618609
718.368117879 53.905651327
718.234676721 52.5530327731
718.096868656 51.2017770588
717.954700938 49.8518982639
717.808180864 48.5034104359
717.756710666 47.1673119613
717.601542009 45.821335456
717.640966192 44.4975097932
717.676195019 43.1738795303
717.607704916 41.8407247073
717.634517813 40.5178381394
717.657141321 39.1951869148
717.675577187 37.8727842968
717.689827197 36.5506435401
717.699893182 35.2287778909
717.705777012 33.907200586
717.707480602 32.5859248536
717.705005907 31.2649639123
717.798115695 29.9512438763
717.887093725 28.6372375308
717.971939117 27.3229578706
718.052651032 26.0084178931
718.129228671 24.6936305982
718.301528411 23.3839524957
718.369851579 22.0683955252
718.5339261 20.7573455586
718.693891243 19.4454719576
718.749827004 18.1287005856
718.801621596 16.8117598217
718.849274505 15.4946626894
718.892785261 14.1774222142
718.932153433 12.8600514226
718.867410277 11.5400478181
718.898484738 10.2227698651
718.82543436 8.90351397421
718.848217836 7.58638106099
718.866859169 6.26918301265
718.881358175 4.95193285543
718.791716688 3.63401467277
718.797929167 2.3170138486
718.8 1.0
