2.2847229213303226    2.8119869247447238e-37
2.508202006389139    1.6579080898297997e-37
2.9895074543774984    9.989103610795583e-38
3.5632885402209293    5.88760127871836e-38
4.517014276660886    3.706050949516562e-38
6.3462785304309985    2.281188037044168e-38
7.878559141104886    1.7894099173231214e-38
10.619323432682782    1.40321207716741e-38
13.594509044559207    1.201816367022604e-38
17.944301377415808    1.2005535660497427e-38
25.193085761636226    1.199011944434211e-38
35.728612307775904    1.3663870293622583e-38
46.66900631153654    1.5576118143871882e-38
64.83209873748544    1.8962948079849698e-38
92.87324428048362    2.5206846980755147e-38
129.0058728576599    3.2781417599761544e-38
177.35139452114217    4.4551490024694034e-38
259.30378461665174    6.466329909914927e-38
356.4906981050408    8.596826614474313e-38
505.4229981253147    1.1941974371322467e-37
701.8985085449751    1.8116099526783597e-37
974.8785668290182    2.5167291837581657e-37
