3.8931579205245446  9.623813407451428e-38
3.970282087707827  4.383842019068031e-38
4.199820413357338  1.5949524727624943e-38
4.482135155497945  6.372032293347673e-39
4.826318252605578  2.6926833809088005e-39
5.339357267403779  1.1811715112423334e-39
5.906064574700994  5.584202759858043e-40
6.8346244281270705  2.6895089772196782e-40
8.348935491889968 1.3699205674505805e-40
9.744617813963378  8.415611126903263e-41
12.335038810947388  5.67553560765733e-41
16.04081164050506  4.124854834082995e-41
22.215547350883014  3.481436069600088e-41
32.7678925242856  3.349083563571655e-41
45.77331698236027   3.538539580170524e-41
64.51149188902427  4.029297802376817e-41
87.68299154571334  4.853760102012332e-41
121.34641794027017   5.957043490614464e-41
172.52366371970632  7.87886858621807e-41
228.20287583832362  9.854009733595549e-41
310.11274632075424  1.3035047088360936e-40
421.4383712227371  1.6923184390371026e-40
572.6860771785143  2.2809293799712587e-40
771.2416717396434 3.017343563226607e-40
975.042995639776  3.845657120582829e-40
