 5.959274330558362    1.702769172225884e-39
 9.31957887046634    1.5167168884709118e-39
 14.266563133451648    1.4481182276745241e-39
 19.843960665188213    1.4149912974345673e-39
 32.36945765104957    1.825183494319024e-39
 55.684168678607925    2.4658110758226038e-39
 95.79430086580837    3.255088599835043e-39
 145.05988741704272    3.739937302478771e-39
 295.77687775131477    6.669919663030115e-39
 536.4267393150936    1.245883364294993e-38
 972.9520978888768    2.171117945694492e-38
 1800.5552913529386    1.0473708979594488e-37
 4533.899422504216    9.221978823334266e-37
