9.785451025760974  3.57519300867316e-36
11.894692473017603 7.915478203925451e-37
14.936688262634869 1.0726470749278954e-37
21.83179687403854  6.7206482798073e-39
30.8884359647748   1.2932280829152238e-39
58.56806967738426  3.925623361155188e-40
105.19086393080569 1.6337965307944188e-40
175.11691609819135 5.909811163389418e-41
264.4185952824892  3.2560446770685855e-41
552.7683532427855  2.73242483102675e-41
1206.792640639329  5.706176195201639e-41
1802.5485470871574 1.1109263788798718e-40
2904.74705624372   2.488508258147588e-40
4680.903310144558  5.97929177133309e-40
6767.920662784252  1.2932280829152238e-39
9892.14386559403   2.5177652110127317e-39
