1.1050487599671617  8.502356198644393e-41
1.4696820084393     4.848828865121339e-41
1.8202942350620923  3.54924109489081e-41
2.214664130318208   2.5979700872256447e-41
3.2224233899185912  3.3345346170570327e-41
5.217769944253682   3.3345346170570327e-41
6.349437266584424   3.132816513467531e-41
7.858476037453198   8.993516572898598e-42
8.581690036016699   1.8898301102501317e-42
9.371007964941954   3.730918121601405e-43
11.191969954001724  1.1400150089399868e-43
13.60882777833038   3.9464441591025993e-44
17.777418660851176  1.9865659211570765e-44
27.27257471510867   1.132923386873464e-44
46.602619366402074  1.6474117833844688e-44
90.2227509303646    2.1144783949800583e-44
191.0141427891299   3.4834166236020267e-44
458.1804272248432   5.06532185551949e-44
1314.1742987993428  1.0710513627116436e-43
3326.3184468836557  1.999000985068963e-43
8125.981756125018   5.0970286316888605e-43
