5.230202675339297  9.999999999999836e-43
5.320175096324759  7.906043210907605e-43
5.411695265464636  6.105402296585314e-43
5.50478980785497   4.4984326689693795e-43
5.599485806609297  3.393221771895274e-43
5.695810810737687  2.6203985288583326e-43
5.793792843161313  2.0716983998953036e-43
5.893460408864902  1.5264179671752116e-43
5.99484250318941   1.2067926406393165e-43
6.202868761603334  8.891593339164587e-44
6.309573444801932  6.707035611184258e-44
6.418113712446068  4.941713361323818e-44
6.6408278506348415 3.556480306223092e-44
6.989473207273485  2.500110382617941e-44
7.232014017781835  1.7575106248547966e-44
7.611696816847943  1.0481131341546917e-44
8.011313071180073  7.19685673001147e-45
8.576958985908941  4.941713361323818e-45
9.027251779484576  3.641031949310677e-45
9.501185073181436  2.7464741148160504e-45
10.347008713411984 1.8858632787726555e-45
11.268130079648545 1.2354828882567482e-45
12.697075549188032 7.722449945836333e-46
14.803703235666655 4.826957437677881e-46
16.398903672222477 3.4738921120831546e-46
19.448624389373624 2.4420530945486748e-46
22.67543125870801  1.930697728883277e-46
26.892404165083185 1.4563484775012623e-46
31.89361179185746  1.2354828882567684e-46
39.13745601980384  1.0481131341546917e-46
44.85923383437637  1.073030940526174e-46
57.937928431613145 1.2067926406393363e-46
78.75829328777596  1.422529313485372e-46
100                1.6768329368110306e-46
129.1549665014884  2.0235896477251638e-46
161.21572750178856 2.4420530945486748e-46
204.696827180752   3.0888435964774975e-46
264.3761185749101  3.906939937054621e-46
335.68035509467273 5.059197488435864e-46
426.2158829015325  6.250551925274027e-46
532.0175096324763  7.906043210907734e-46
652.8521141127848  1e-45
787.5829328777596  1.2067926406393363e-45
983.0884473994828  1.4909716571840752e-45
1248.2348288165172 1.976598071701651e-45
1584.893192461114  2.500110382617941e-45
1978.3188827841623 3.088843596477498e-45
2386.5897868585835 3.727593720314923e-45
2879.116638022353  4.498432668969453e-45
3593.813663804626  5.557736586486892e-45
4485.923383437636  6.866488450043026e-45
5994.8425031894085 9.102981779915264e-45
7875.829328777596  1.2354828882567482e-44
11461.96978456578  1.7575106248547966e-44
16967.959918688968 2.6203985288583324e-44
26437.61185749096  4.0949150623803854e-44
35330.366949927295 5.557736586486892e-44
48026.56010546725  7.543120063354607e-44
68712.70363478754  1.0730309405261566e-43
98308.84473994808  1.4909716571840507e-43
