1.2 1.0
2.40147153753 1.93587230502
3.70586042328 2.86355909155
4.91313249582 3.78399471386
6.32323576502 4.69434005924
10.9357369863 5.54553059139
12.6511581879 6.42246339506
14.4691951283 7.28645124933
16.089869884 8.14408969058
17.8130591405 8.98876763686
19.5387364728 9.82267877191
21.1669110309 10.6492743745
22.7974950353 11.4657174291
24.4304407353 12.2720010057
25.9657972609 13.0725195847
27.603337357 13.8587783624
29.1432233274 14.6398874825
30.1860277476 15.4381569929
30.1329261944 16.2922357944
30.1823505878 17.1408198579
40.5140779123 17.3418554116
41.8639179881 18.0719994012
43.2157712994 18.7938160787
44.4698602835 19.5145266341
45.7259308819 20.2275264685
43.6941401673 21.1919839395
41.5662555427 22.1775760131
34.5597090523 23.5922982803
35.6281941681 24.3389862923
36.6987406645 25.0791783983
38.0699841798 25.7846083778
39.5425729824 26.471920057
40.9173864152 27.1602625767
52.1406792688 26.814668827
54.311092785 27.3698856933
56.0849469489 27.9556468125
57.2638797025 28.5982952901
58.4444313972 29.2337967153
59.6265687446 29.862147295
60.8102584486 30.4833433752
61.9954672061 31.0973814403
63.2813316562 31.6914003838
64.4694376602 32.2908006273
65.6589617899 32.8830332716
67.5431803642 33.3715462222
69.4281363086 33.8485262053
72.0064644215 34.2130657181
73.0022253263 34.7973415103
73.5050829695 35.4508716776
74.8003232171 35.9787875271
76.0966321551 36.4988995279
77.3939735163 37.0112062161
78.6923110351 37.5157062786
79.8929941981 38.0289886021
81.1932679028 38.5181821114
82.2974140428 39.0339856909
83.4026307095 39.5432175154
84.5088874949 40.0458759836
85.7144952053 40.5238211066
86.8226834796 41.0130193957
88.0300448697 41.4768837985
89.1400391275 41.9526177531
90.349024817 42.4023985393
92.1470066322 42.7268875912
94.7287913823 42.8805553046
96.036527121 43.2822862572
96.3662097542 43.8822745448
96.6976469877 44.4806078577
97.0308316743 45.0772811001
97.5610667661 45.6292315765
98.3855228469 46.1127764861
99.3085291398 46.5694362918
100.622196451 46.9309422072
101.64401158 47.3529056053
102.569195759 47.7919601736
103.495172043 48.2256560544
104.421915885 48.6539926317
105.349402739 49.0769693913
106.277608067 49.4945859201
107.109577472 49.931430565
108.039223952 50.3386304953
108.872742981 50.7656671236
109.707042771 51.1879510356
110.638714581 51.5796756081
111.95708569 51.8616002283
113.661140575 52.030083952
115.364380246 52.1883572514
116.970476697 52.36344614
117.613882052 52.8021619242
117.96990545 53.3202129014
118.231360058 53.8644638073
118.590369774 54.3793598816
118.950818437 54.8925213314
119.216944952 55.4327751234
119.962990955 55.8262288885
120.805288578 56.1860978724
121.648062516 56.5412134894
122.491291211 56.8915763235
123.239664518 57.267519942
124.083833938 57.6086788233
124.833298498 57.9760185078
125.583328086 58.3392061209
126.428803512 58.6667126655
127.179807452 59.0212982249
127.931319412 59.3717325474
128.683320714 59.7180159622
129.435792691 60.0601488748
130.188716681 60.3981317671
130.942074029 60.7319651972
131.978393634 60.9608188263
133.296701409 61.0820292517
134.52012948 61.2297472396
135.742827805 61.3703684141
136.871011568 61.5386912088
138.092262737 61.6654317922
139.125624381 61.8558564897
139.411215112 62.3257871384
139.698169586 62.7945237529
140.07967678 63.2258002849
140.369230179 63.691844178
140.660132314 64.1566826705
141.045225883 64.5831721879
141.338694075 65.045296487
142.281779837 65.2421437108
142.577076946 65.6997936406
143.705047909 65.8114800845
144.739903383 65.9553107789
145.774109606 66.0932771662
146.807639941 66.2253847779
147.840467776 66.3516392553
148.872566531 66.4720463488
149.720642145 66.6666932515
150.019396778 67.0986282551
150.319380979 67.5293340528
150.620589972 67.9588071857
150.923018973 68.3870442127
151.226663186 68.8140417107
151.531517808 69.2397962745
152.563419652 69.3279209062
153.503801894 69.4525670843
154.172111018 69.6998311144
154.569533627 70.072277004
154.967854789 70.4429035645
155.367066995 70.8117088334
155.947004174 71.0911862752
156.617047919 71.3236734857
157.197481086 71.5969588006
157.778211559 71.8672907114
158.448589773 72.0897901438
159.0297348 72.3539370275
159.611137786 72.6151336397
160.192785929 72.8733809811
160.774666434 73.1286801041
161.356766518 73.3810321121
162.116074591 73.5373222135
162.874989301 73.6895552388
163.633492648 73.8377352242
164.479624079 73.9344754567
165.149193365 74.1219525851
165.555324361 74.4497732626
165.962181849 74.7757636717
166.369758337 75.0999224904
166.778046332 75.422248426
167.187038339 75.7427402145
167.944698672 75.8641261963
168.788641291 75.9318980532
169.631698205 75.9951057546
170.387325249 76.1038916696
170.96961066 76.3094856352
171.207076839 76.7148792749
171.445816698 77.1195241424
171.599941551 77.574636729
172.184282484 77.7720805749
172.854154527 77.9148488846
173.438256973 78.1061943157
174.107537357 78.2423319805
174.776418145 78.3750253473
175.444884301 78.504278289
176.028182723 78.6831932989
176.442229934 78.9659377947
176.85682778 79.2468474483
177.27196882 79.5259215979
177.687645614 79.8031596103
178.18774346 80.0241365445
178.604297878 80.2974369466
179.021364907 80.5689000247
179.438937115 80.8385252627
180.189813145 80.8844110313
180.85675391 80.9821036935
181.440269193 81.1323918963
181.692850347 81.5048342711
182.029098617 81.8199630474
182.530796068 82.0202204857
183.032583931 82.2181234583
183.452492092 82.4709666101
183.954611842 82.664422408
184.456793318 82.8555275453
184.959026708 83.0442835543
185.380069088 83.2890116458
185.882560705 83.4733293179
186.385075659 83.6553021107
186.806924864 83.8940151113
187.309643383 84.0715566573
187.732050631 84.3063475646
188.234936889 84.4794625515
188.737799312 84.6502402755
189.16088781 84.8790272298
189.663863573 85.0453865378
190.087427899 85.2702586577
190.511313827 85.4932991438
191.014489037 85.6531653288
191.438802893 85.8722951416
191.942003235 86.0277562635
192.523498193 86.118808493
193.026296943 86.2693781739
193.60697825 86.3550521226
194.109333837 86.5007416319
194.611551266 86.6441175648
195.191027881 86.7218721405
195.692740797 86.8603847976
196.194286099 86.9965915695
196.695654252 87.1304948875
197.273440178 87.197818459
197.774222962 87.3268817286
198.274799318 87.4536496986
198.775159768 87.5781249507
199.123715156 87.830784611
199.397273523 88.1475841623
199.747204827 88.3978092408
200.097714271 88.6466959229
200.448796899 88.8942430494
200.725693006 89.206870315
201.078116375 89.4519696793
201.431098792 89.6957254585
201.710510488 90.0052596846
202.138720911 90.1792019198
202.640753026 90.2837444812
203.215960945 90.3181940268
203.497321313 90.6221122615
203.779636031 90.9251441904
204.281437837 91.0217576896
204.7102642 91.1848449081
205.21158111 91.2771601473
205.71253413 91.3672162885
206.213114015 91.4550165401
206.713311539 91.5405641464
207.141577873 91.6937342933
207.641203138 91.7750111114
208.140419165 91.8540445372
208.63921679 91.9308379551
209.066931804 92.0761610327
209.565088099 92.1487065706
209.852173544 92.4326494493
210.140150494 92.7156881172
210.498775434 92.9261703828
210.788301178 93.2071732206
211.078709169 93.487264188
211.369996535 93.7664405151
211.662160396 94.044699441
211.955197861 94.3220382138
212.317501119 94.5255012819
212.816543327 94.5812742084
213.315067169 94.6348355053
213.813063679 94.6861889907
214.310523907 94.7353385173
214.672959743 94.9303263115
214.968767381 95.1981925475
215.198643201 95.5395678278
215.496364141 95.8057779177
215.86122398 95.9961913437
216.292512546 96.1101810755
216.723684662 96.22239917
217.220327488 96.2573662182
217.6510084 96.3658407526
218.081551627 96.4725500667
218.511950332 96.5774961031
219.006837082 96.6043804468
219.436686006 96.705602962
219.86636932 96.8050689375
220.295880234 96.9027804198
220.597862907 97.1529543235
220.900630818 97.4021773356
221.140992664 97.7279533642
221.445566107 97.9754655354
221.750916404 98.2220186808
221.99458624 98.545709409
222.363935471 98.7122381508
222.7955219 98.798919019
223.226884508 98.8838533042
223.719483559 98.8881648184
224.150130046 98.9694198616
224.580532008 99.0489359847
225.01068277 99.1267155332
225.501045602 99.123115491
225.870204066 99.2770744108
226.179625695 99.5097068187
226.489777361 99.7413650281
226.741192679 100.052446461
227.05304834 100.282336009
227.306668926 100.592015831
227.620218591 100.82012444
227.934484046 101.047245891
228.307654023 101.19205322
228.681021503 101.335503717
229.054581645 101.477597575
229.428329611 101.618335002
229.802260567 101.757716223
230.176369682 101.895741482
230.550652128 102.032411038
230.925103081 102.167725168
231.29971772 102.301684165
231.674491227 102.43428834
232.049418789 102.565538019
232.424495595 102.695433548
232.854799038 102.740513011
233.284716639 102.783893451
233.714241972 102.825577743
234.089076267 102.949546996
234.518062202 102.988018033
234.946637214 103.024800859
235.321297246 103.144385113
235.749297267 103.177968263
236.176867824 103.209871339
236.604002588 103.240097379
236.978264516 103.353802356
237.40477681 103.380847983
237.727046673 103.577186957
238.049932377 103.772511507
238.322075253 104.052625386
238.595367756 104.332043138
238.869808197 104.610760301
239.14539487 104.888772418
239.422126051 105.166075033
239.7 105.442663696
239.979014962 105.718533961
240.259169163 105.993681386
240.589641574 106.18103114
241.018514923 106.192891481
241.398242206 106.290474324
241.777999462 106.386710042
242.061618689 106.656963666
242.394168032 106.838641919
242.774816283 106.931290696
243.15547709 107.022592947
243.583120672 107.024269518
243.963514642 107.112733961
244.343906617 107.199855317
244.770431904 107.196915247
245.15052662 107.281208452
245.530604856 107.364162163
245.91066195 107.44577732
246.335713618 107.436762291
246.715433436 107.515562084
247.095117714 107.593027119
247.474761816 107.6691584
247.85436111 107.743956947
248.27752183 107.727434392
248.656734431 107.799433897
249.035887941 107.870104716
249.329457851 108.12024159
249.624097409 108.36958805
249.961995103 108.527475865
250.258482404 108.775096508
250.556032676 109.021914884
250.895977156 109.176868787
251.195360448 109.421940391
251.495799907 109.666197934
251.797293372 109.909637194
252.140023363 110.060683274
252.443330123 110.302347414
252.826899865 110.359538329
253.171039583 110.507344349
253.554672098 110.561998503
253.8994449 110.707514873
254.206223754 110.944258864
254.514036076 111.180157406
254.86074808 111.322653775
255.245483741 111.371387934
255.630079144 111.418794248
255.977536078 111.557779782
256.362129687 111.602650396
256.710161179 111.739332917
257.094736322 111.781669733
257.44332716 111.916047517
257.82786719 111.955852546
258.177002161 112.087923969
258.526550735 112.218896803
258.91115435 112.25496287
259.261224587 112.383626166
259.645751921 112.417165024
259.996328608 112.543517405
260.313838712 112.763001938
260.632333976 112.981591665
260.951811909 113.199282559
261.272270005 113.416070601
261.593705743 113.631951778
261.916116584 113.846922084
262.271178247 113.966127707
262.595233186 114.17916513
262.920255213 114.391280646
263.277023773 114.50732583
263.6341555 114.622248498
263.961463833 114.831383682
264.31961125 114.944152367
264.678111525 115.055794217
265.007678832 115.261924801
265.367175013 115.371401292
265.727013691 115.479746722
266.058812387 115.682848689
266.419627064 115.789017565
266.752998556 115.99011651
267.114776075 116.094100837
267.476878807 116.196946956
267.839303173 116.29865385
268.202045588 116.399220514
268.538841063 116.59513605
268.902512376 116.693501388
269.266491223 116.790722591
269.630774005 116.886798698
269.99535712 116.981728758
270.360236961 117.075511832
270.725409921 117.168146993
271.066741229 117.356678093
271.408969029 117.544210272
271.75209041 117.730739755
272.096102447 117.916262775
272.4410022 118.100775575
272.786786714 118.284274405
273.15574891 118.36927274
273.546965801 118.35555795
273.916148405 118.438165372
274.285588963 118.519611406
274.65528382 118.599895245
275.045989727 118.581194803
275.415874487 118.659087081
275.786002369 118.735815786
276.156369711 118.811380158
276.546501161 118.787704758
276.917027919 118.860877309
277.287782954 118.93288429
277.621558207 119.200234107
277.938497585 119.564961566
278.275494 119.830492042
278.596268214 120.193499259
278.936476049 120.45718044
279.261075936 120.818433593
279.587740112 121.178823618
279.949336291 121.341060677
280.311751153 121.502211006
280.674981435 121.66227106
281.039023861 121.821237305
281.403875141 121.979106214
281.76953197 122.135874271
282.150561999 122.192605233
282.517508767 122.347115748
282.885250945 122.500515903
283.253785175 122.652802224
283.623108085 122.803971246
283.980202644 123.053169122
284.351404607 123.202133624
284.723385177 123.349969512
285.096140923 123.496673361
285.469668401 123.642241759
285.843964153 123.786671301
286.219024708 123.929958594
286.584018506 124.171512293
286.960910871 124.312538514
287.338557644 124.452411388
287.716955295 124.591127565
288.086523531 124.828224078
288.466725369 124.964646477
288.847667506 125.099901208
289.229346355 125.233984964
289.603434403 125.466547408
289.986889283 125.59830502
290.371070111 125.728880814
290.748589836 125.957998583
291.134525267 126.086223693
291.521175745 126.213256244
291.908537583 126.339093008
292.29660708 126.463730765
292.67956604 126.686997126
293.069353672 126.809245056
293.465024327 126.830417996
293.860759609 126.850346553
294.256555604 126.86903053
294.652408397 126.886469742
295.044384166 127.002586766
295.440653063 127.017547808
295.836967049 127.031262616
296.233322204 127.043731055
296.627041901 127.154917279
297.023782011 127.164900533
297.420551554 127.173636096
297.817346605 127.181123882
298.212748158 127.287353804
298.609896904 127.292349782
299.006273221 127.396093718
299.403760002 127.398593734
299.801252679 127.399843748
300.198904558 127.499843624
300.596711707 127.498592621
300.998443836 127.996075175
301.404411362 128.592271038
301.81413845 129.18716356
302.227620897 129.780734992
302.644854429 130.372967598
303.065834695 130.963843655
303.479866438 131.15348835
303.892134154 131.241856911
304.304992045 131.328918677
304.718435966 131.414670808
305.128531851 131.399187732
305.542821137 131.482324986
305.9531257 131.464249104
306.368243803 131.544764242
306.783927127 131.623957729
307.19467095 131.601978201
307.611158104 131.678537918
308.022069477 131.6539567
308.439343763 131.727875669
308.857162229 131.800461304
309.268450857 131.771961134
309.687031233 131.841894766
310.098446055 131.810784675
310.517771497 131.878059593
310.937619851 131.943989828
311.357986803 132.008572757
311.769917519 131.972207134
312.228050211 132.432396265
312.689193185 132.890994296
313.153340948 133.347986845
313.579677499 133.405446863
314.017020814 133.560978902
314.444648356 133.615655689
314.883898942 133.768330382
315.312799294 133.820209975
315.742173019 133.870704027
316.184093325 134.019078042
316.614712472 134.066755163
317.058493192 134.212228455
317.490339274 134.257074979
317.949286745 134.498738216
318.423563704 134.837895607
318.886202299 135.076363923
319.364782295 135.412221195
319.831089893 135.647457732
320.299068076 135.88108776
320.783904254 136.211942239
321.255517814 136.442286463
321.697156687 136.473515462
322.155326713 136.60199666
322.598084098 136.630293796
323.091473655 136.952910393
323.553005044 137.076691441
324.015542971 137.198912242
324.461407756 137.22114201
324.92563354 137.340283088
325.372557089 137.359537058
325.83845025 137.475582024
326.286412734 137.491847762
326.753952653 137.604780361
327.222462433 137.71612026
327.672100044 137.727849684
328.142225201 137.836052124
328.613304153 137.942647942
329.064571033 137.949810919
329.537233653 138.0532445
330.010833829 138.155057701
330.572095385 138.645729987
331.114749287 139.036670406
331.682459135 139.523037012
332.253534351 140.007192339
332.827966623 140.489120032
333.40574757 140.968803772
333.892787443 141.057448782
334.404540602 141.241533028
334.917786023 141.423780818
335.432517208 141.60418459
335.948727626 141.782736804
336.466410713 141.959429943
336.985559872 142.134256511
337.48051446 142.210555681
338.002272022 142.381707873
338.525475927 142.550972108
339.07668416 142.814748017
339.603063594 142.980130138
340.13086884 143.143601214
340.660093074 143.305153917
341.190729442 143.464780939
341.722771056 143.622475001
342.256210999 143.778228844
342.819722644 144.027834189
343.356239481 144.179595257
343.894133414 144.329393537
344.433397395 144.477221871
344.974024345 144.623073126
345.516007152 144.766940195
346.059338676 144.908815994
346.604011742 145.048693467
347.150019147 145.186565582
347.697353655 145.322425334
348.246008002 145.456265741
348.79597489 145.58807985
349.379521188 145.812509429
349.932388631 145.940148219
350.486546219 146.065739066
351.04198653 146.189275124
351.632164307 146.404984815
352.190443859 146.524285155
352.715929136 146.547486462
353.276425519 146.662735399
353.907456856 146.963509465
354.471025614 147.074355616
355.035823609 147.183097928
355.566314839 147.196253903
356.133254495 147.300880858
356.701400652 147.403385084
357.270745555 147.503760032
357.841281425 147.601999179
358.413000448 147.698096029
358.985894785 147.792044118
359.559956566 147.883837007
360.135177894 147.973468285
360.711550841 148.060931571
361.289067452 148.146220512
361.867719743 148.229328783
362.447499701 148.310250088
363.028399285 148.388978162
363.610410426 148.465506765
364.233421562 148.631526289
364.898289059 148.886652803
365.52492194 149.04760925
366.153207354 149.2060834
366.824182667 149.453253958
367.456031382 149.606607626
368.089503823 149.75745181
368.682685206 149.814981614
369.3190911 149.960913024
369.957092384 150.104309881
370.553919448 150.154766771
371.194798434 150.293203716
371.837244146 150.429081352
372.481246812 150.562391197
373.126796626 150.69312481
373.729707763 150.731560445
374.422498275 150.946829745
375.117369657 151.159218085
375.814310627 151.368714512
376.513309855 151.575308119
377.214355961 151.778988037
377.917437519 151.979743444
378.576403064 152.088844332
379.283242284 152.283863954
379.992082849 152.475927729
380.702913144 152.665025006
381.462973812 152.939277008
382.178025454 153.122260477
382.89503123 153.302244886
383.613979336 153.479219763
384.286500778 153.565644188
384.96039076 153.649343274
385.63563878 153.730309273
386.263053543 153.721464089
386.940712427 153.797095924
387.619698125 153.869972527
388.25 153.853483768
388.931335283 153.920984841
389.715053244 154.158281596
390.602769729 154.564410322
391.493923751 154.96646361
392.33714296 155.278618188
393.234851773 155.672629818
394.135947779 156.062514283
394.936088505 156.277619441
395.738509978 156.48922055
396.543198054 156.697305402
397.297173284 156.817040374
398.052853715 156.933568799
398.810226622 157.046881144
399.623042349 157.241285943
400.384026756 157.347968238
401.146664675 157.451405315
401.965499387 157.635394898
402.841307794 157.899411762
403.774863504 158.24292577
404.600903624 158.415535958
405.373446313 158.501386699
406.147560645 158.58393119
406.92323345 158.663160404
407.756839193 158.821651262
408.535848713 158.894045309
409.316376398 158.963096485
410.38423033 159.439047253
411.456153153 159.909835832
412.532122936 160.375441356
413.612117655 160.835843045
414.579731516 161.128370771
415.433409577 161.254104326
416.347710262 161.457004574
417.264424579 161.655733567
418.124325132 161.769691833
419.045561896 161.960225499
419.969161073 162.146549424
420.895105279 162.328650647
421.763157903 162.42668112
422.69348902 162.600488094
423.626113264 162.770034677
424.561013022 162.935308179
425.498170625 163.096295978
426.376101372 163.174107064
427.255758958 163.247994786
428.199089237 163.396439366
429.144607342 163.540550001
430.029841032 163.602215364
431.042135189 163.815720387
431.994108872 163.946755791
433.011386572 164.150914929
434.094680393 164.427588522
434.99000051 164.467733092
435.950812144 164.580764998
436.913665228 164.689365182
437.814142244 164.717018656
438.780782749 164.81692324
439.749410019 164.912361948
440.720005511 165.003323286
441.757906969 165.16548301
442.73262075 165.247249517
443.709246153 165.324503864
444.753831895 165.472302081
445.734459963 165.540290444
446.78348087 165.678382745
447.76803354 165.737057955
448.821408706 165.865394522
449.877047071 165.988729195
450.934927574 166.107049026
451.995029097 166.22034115
453.057330461 166.328592785
454.189975759 166.504958764
455.256842792 166.602876685
456.39446927 166.768452914
457.534666418 166.928505316
458.677410724 167.083019379
459.822678609 167.231980684
460.970446432 167.375374907
462.190449817 167.58483721
463.343371298 167.716834942
464.568929293 167.914431705
465.797338485 168.105962046
466.957917752 168.220643761
468.191728904 168.400216034
469.357214822 168.503354557
470.525006406 168.600812021
471.695079434 168.692574965
472.867409618 168.778630022
474.113950266 168.928384505
475.290939612 169.002757388
476.614937871 169.209315202
477.941960908 169.409199714
479.199134642 169.533884259
480.531905366 169.720600831
481.721065409 169.764493856
482.83879208 169.734750751
483.884421802 169.632053354
485.005122024 169.5917994
486.201506526 169.613282298
487.39984913 169.628901871
488.60012477 169.638646035
489.727553578 169.576081972
490.931411368 169.574274885
492.137127406 169.566557396
493.269298363 169.487205183
494.478448705 169.467869309
495.689382018 169.44258893
496.978067479 169.476351255
498.268893015 169.503667802
499.56183081 169.524525467
500.856852986 169.53891126
502.153931605 169.5468123
503.453038669 169.548215821
504.831353564 169.606662375
506.134632758 169.594789889
507.517460909 169.639447988
508.824796459 169.614247274
510.212018781 169.645062662
511.601491574 169.668813844
512.993184107 169.685486999
514.308477947 169.633230059
515.704323425 169.635953627
517.102296838 169.63155905
518.581534723 169.681127213
519.983862717 169.66220722
521.388224713 169.636128864
522.794589538 169.602879194
524.282855696 169.622538946
525.693320991 169.574656636
527.025388316 169.459974653
528.358958374 169.338575883
529.694002075 169.210449766
531.111354994 169.134415254
532.611541745 169.109698255
534.113848965 169.077201675
535.618242539 169.036911965
536.961491669 168.873200559
538.224253492 168.645146212
539.569877367 168.468098032
540.916735485 168.284238836
542.264798299 168.093559138
543.696533345 167.952567022
545.295117414 167.916731853
546.64732258 167.704493833
547.917583849 167.429659672
549.271749873 167.203955173
550.626939856 166.971374094
551.983123922 166.731907786
553.340272153 166.485547724
554.698354584 166.232285502
556.057341209 165.972112834
557.332968602 165.651125931
558.693504355 165.377373152
559.970284178 165.043321548
561.332251867 164.75595908
562.694974761 164.461647598
564.058422606 164.160379537
565.337329862 163.799850681
566.701972655 163.484915552
568.067250247 163.163002393
569.433132229 162.834104123
570.799588155 162.498213784
572.166587539 162.15532454
573.53409986 161.805429678
574.902094559 161.448522608
576.184017226 161.034460754
577.379365521 160.564054797
578.487642209 160.038118502
579.682341087 159.556103901
580.876755534 159.068144167
582.070859962 158.574236346
583.352083107 158.122872296
584.545642715 157.616784579
585.826572165 157.152683757
586.843664961 156.539068634
587.859719875 155.920597965
588.786510395 155.250158554
589.800280343 154.622255917
590.724451199 153.942941894
591.735857666 153.305611689
592.746125488 152.66343004
593.666298259 151.970676845
594.674083886 151.319074924
595.680670173 150.662624879
596.596673323 149.956447909
597.600658631 149.29058629
598.603383868 148.619880581
599.5150458 147.900297275
600.515051218 147.220190095
601.513735805 146.53524357
602.511079004 145.845459301
603.507060257 145.150838965
604.501659003 144.451384325
605.494854678 143.747097222
606.486626717 143.037979582
607.476954552 142.324033411
608.556810481 141.646737273
609.635441034 140.964044153
610.712822935 140.275955081
611.788932906 139.582471177
612.86374766 138.883593657
613.93724391 138.179323829
615.00939836 137.469663094
616.172071487 136.794076496
617.241596087 136.073349378
618.309708071 135.347235728
619.376384129 134.615737324
620.533973852 133.917160693
621.505335215 133.136593828
622.382339629 132.313506904
623.257342171 131.486208974
624.223172439 130.691844206
625.094234129 129.855845565
626.056318765 129.052204172
626.923364719 128.207521795
627.788317954 127.358650724
628.651160696 126.505595784
629.511875178 125.648361868
630.276801229 124.751866935
631.133096058 123.886584684
631.799487834 122.948144196
632.557218496 122.040928723
633.218444474 121.096245829
633.971197406 120.182210515
634.627205394 119.231313154
635.280532713 118.277467502
635.931167304 117.320681025
636.673694963 116.393384213
637.319009497 115.43044102
638.0563942 114.496406731
638.696336942 113.527335978
639.333525096 112.555361799
640.063042655 111.611423553
640.694782649 110.633366617
641.419019963 109.682762238
642.045260461 108.698652712
642.764162508 107.741411364
643.480422854 106.780712402
644.194026857 105.816562987
644.904959895 104.848970336
645.613207367 103.877941726
646.318754688 102.903484491
647.021587296 101.925606022
647.81779946 100.971937957
648.419050214 99.959615237
649.017370844 98.9444988204
649.612749722 97.9265971336
650.205175245 96.9059186489
650.794635833 95.8824718838
651.477732833 94.8820713582
652.158003164 93.878311825
652.835432452 92.871201181
653.510006344 91.8607473804
654.18171051 90.8469584345
654.850530642 89.8298424115
655.613535046 88.8333859752
656.276619201 87.809334814
656.936775571 86.7819808885
657.593989938 85.7513324979
658.345624636 84.7401534744
658.996983516 83.7026349421
659.645356916 82.6618469602
660.388317583 81.6396338642
661.030745859 80.5920256335
661.572423113 79.5199518875
662.110925062 78.4452577668
662.450532951 77.3267395069
662.786686038 76.2068509759
663.021397579 75.0656121258
663.154475205 73.9039583196
663.185732395 72.7228261079
663.311319921 71.5612841267
663.433194616 70.3996617491
663.453073533 69.2195231559
663.567467291 68.0580847321
663.678151515 66.89660166
663.785127058 65.7350857816
663.789886851 64.5563389848
663.8893941 63.3951028628
663.985196423 62.2338695925
664.07729482 61.0726509889
664.165690332 59.9114588608
664.34915041 58.765963987
664.529007307 57.6198978445
664.804122149 56.4883092493
665.075723887 55.3555501153
665.541718935 54.2504621365
666.103371374 53.1570845458
666.661758113 52.0607005175
667.315952915 50.9748009884
668.264326217 49.9247998024
669.408060151 48.8950424925
670.648159449 47.8711200754
671.786212387 46.8276366322
673.020644869 45.7893793422
674.252213197 44.7438100424
675.381523735 43.6796396259
676.607227388 42.6197823035
677.829966579 41.5526368411
679.049707587 40.4782114365
680.266416713 39.3965144271
681.480060282 38.3075542906
682.690604642 37.2113396443
683.798431724 36.0987721434
684.903036072 34.97959421
686.004387061 33.8538151418
687.102454096 32.7214443637
688.296897724 31.5903451748
689.388329375 30.4445062194
690.276907381 29.2776513345
691.161989408 28.1054983856
691.943768899 26.9214586965
692.721962852 25.7327696325
693.197085103 24.5215277175
693.269109774 23.2849118735
693.437102396 22.0534191533
693.50136434 20.8160607232
693.66162357 19.5832216817
693.718116294 18.345169407
693.870631842 17.1110326195
694.019277965 15.8761080832
694.164051217 14.640407933
694.204997631 13.4008000985
694.342005558 12.1638995138
694.475131492 10.9262598306
694.604372139 9.68789323568
694.729724243 8.44881192891
694.851184587 7.20902812363
694.968749993 5.9685540463
695.182412869 4.72834534367
695.292181487 3.48621298984
695.498044378 2.24374158816
695.7 1.0
