1.2 1.0
10.9360248904 5.56380256614
19.5398540912 9.85813506401
27.705668565 13.9056990662
30.1389468592 18.0637627069
31.9372764986 22.2034494601
37.5816443064 25.9312373347
51.9225173242 28.5267613283
57.7449654315 31.7593599775
64.4972445033 34.6877151712
69.6011899798 37.6780362243
75.1337068048 40.4466752037
80.400356067 43.1064886271
85.5958890486 45.6304515675
90.6201235967 48.0449503915
95.3744581222 50.3825638378
99.7621144436 52.6820006182
105.134682326 54.5902786704
108.500684129 56.9308682288
112.560143313 58.9718908183
116.540474548 60.9299801517
120.346046076 62.8421930369
124.917794895 64.3771366938
127.622740156 66.4938187056
131.18663051 68.2081563602
134.668749306 69.8649950542
137.977121098 71.5086995513
141.204583846 73.1066973889
144.441597936 74.6206054529
147.506912972 76.1389273859
150.491934425 77.6246587468
154.279772234 78.6120172378
156.74825442 80.2251689071
159.317779748 81.730123901
162.242543778 82.9693433875
165.766800539 83.769186068
167.680103128 85.5011531987
170.115007666 86.8625574189
172.972343395 87.8860429386
176.074165489 88.6677109364
178.038561622 90.1998741516
180.179853689 91.5713670984
182.491496664 92.7745152194
184.888878637 93.8646312571
187.21433046 94.9661255257
189.469851035 96.0827332894
191.657557713 97.2181126367
193.853396998 98.3082662018
196.056488594 99.3532228074
198.194412254 100.422896275
200.34006062 101.449721168
202.423314266 102.505814617
204.514953158 103.521294518
206.547224982 104.57040524
208.588722789 105.581013566
210.638739211 106.553091239
212.696568314 107.486622708
215.01019581 108.068310829
217.259347537 108.682981153
218.909898542 110.05597391
220.699981927 111.241313189
222.678583273 112.151061692
224.833496179 112.77695068
226.934316518 113.446502379
228.771684428 114.501220525
230.572317959 115.611504511
232.390254324 116.693224908
234.323212036 117.571864198
236.26703634 118.418351816
238.221194552 119.232564031
240.140246749 120.103736049
242.027906304 121.033855026
244.014139731 121.752612601
246.008597293 122.438620025
248.010740713 123.091797099
249.869148314 124.08252398
251.709643591 125.138154803
253.640557754 125.978766655
255.58598582 126.789329215
257.609062219 127.379976239
259.579108947 128.128720463
261.389484246 129.421330289
263.312477848 130.399674336
265.231010036 131.445840627
267.197687315 132.366541716
269.162100792 133.354954469
271.170725506 134.216226234
273.198878344 135.046968925
275.228039112 135.945136829
277.262399934 136.911153123
279.365935452 137.549790846
281.403707065 138.750418835
283.486085582 139.821218229
285.61814783 140.661456129
287.720606852 142.066567634
289.89226293 143.04081685
292.08058714 144.181154137
294.306355033 145.187629175
296.56193501 146.159290812
298.845200421 147.295442301
301.163482282 148.395408032
303.513835017 149.35839364
305.890929962 150.183735522
308.311517681 151.270318672
310.753666897 152.117863432
313.267988359 153.423621807
315.805696509 154.488338182
318.403918929 155.709197426
321.031203232 156.78680461
323.726933022 158.017427852
326.466698481 159.201371269
329.285802158 160.53426526
332.153503669 161.817139018
335.068919377 163.048791707
338.076523084 164.422820897
341.160361339 165.838814162
344.324023502 167.294290162
347.571032441 168.786640924
350.904841054 170.313133446
354.359129347 171.966210277
357.909900749 173.646614201
361.527060123 175.256881851
365.278824527 176.982854473
369.172672694 178.819519042
373.178218412 180.66899663
377.337451268 182.619598699
381.576175046 184.482881122
385.598216114 185.621763067
390.37210105 188.119542945
394.796653497 189.618144635
399.800094259 191.997882674
404.7586738 194.002021398
410.148514344 196.506175831
415.642938127 198.887217529
421.498443572 201.570132895
426.882081545 203.184636861
434.144453939 207.445405562
440.95812075 210.61290083
447.847228881 213.533307771
454.57080106 215.881263631
461.464175531 218.148981163
468.344935756 220.092840151
477.44030809 224.535449235
486.970094439 229.053050375
497.008303793 233.70526044
507.567435799 238.471934333
518.592404934 243.258231037
530.09101937 248.046317126
545.743556544 256.638933688
554.678686076 257.696955297
566.998210449 261.749296485
578.925984486 264.924790762
591.60830658 268.327431316
603.343884304 270.39743476
615.518847731 272.422726989
633.593581161 278.929779995
650.937150931 284.114687179
662.534617938 284.140690818
671.82536748 282.060680456
679.76741732 278.753413556
688.83975611 276.073324895
697.508248348 272.892906298
704.003222782 268.072810263
710.36024068 263.061219697
716.574050833 257.862648457
721.264535495 251.663581588
724.388473299 244.534214702
727.392501779 237.368799598
729.834954102 229.934296758
731.259574867 222.025652552
733.170068975 214.438753145
735.491215076 207.103473023
737.96212827 199.872255987
740.313449058 192.614473823
742.637268051 185.370547898
744.749366951 178.064086129
736.084553781 166.687995804
725.011582747 154.847829139
719.728369193 145.482892048
716.823844097 137.162156977
716.34194467 129.767329351
716.307034052 122.590062911
716.342623313 115.499170361
716.645851813 108.537547708
717.125035723 101.665359348
717.198672647 94.7391462601
717.15795286 87.8357781412
717.2000391 80.9947959248
717.031925269 74.1569088097
716.455971648 67.2971619193
715.767790284 60.4738981585
715.365204643 53.7393285119
715.350881451 47.087474195
715.329810301 40.458695812
715.302828601 33.8499704168
715.370452357 27.2645637523
715.333760127 20.6852152302
715.292910282 14.1167324273
715.348236806 7.55760493247
715.3 1.0
