1.2 1.0
2.40147153753 1.93587230502
3.70586042328 2.86355909155
4.91313249582 3.78399471386
6.12325158781 4.69685578281
10.9357369863 5.54553059139
12.6511581879 6.42246339506
14.4691951283 7.28645124933
16.089869884 8.14408969058
17.8130591405 8.98876763686
19.5387364728 9.82267877191
21.1669110309 10.6492743745
22.7974950353 11.4657174291
24.4304407353 12.2720010057
25.9657972609 13.0725195847
27.603337357 13.8587783624
29.1432233274 14.6398874825
30.1860277476 15.4381569929
30.1329261944 16.2922357944
30.1823505878 17.1408198579
30.1346410288 17.995529628
30.1894218167 18.8440998766
41.2205558472 18.9320741679
42.5748280218 19.6518318667
43.2330478513 20.41603163
41.002480029 21.4040351128
33.1943178125 22.8636216688
34.2607898057 23.6177400576
35.4289689941 24.356574074
36.4995717845 25.0973926029
37.5722076389 25.831709496
38.646846256 26.5595193235
40.0219395941 27.2506782308
41.3987825437 27.9334425964
52.3225140135 27.583320624
54.5940236418 28.1204123798
55.3760425 28.8129361458
56.0606593386 29.5124197092
56.747250485 30.2078731404
57.9320416416 30.8381221959
59.2175902081 31.4486639248
60.5045730832 32.0514168106
62.5859861937 32.5410216761
64.7671777121 33.0043640536
65.6613398985 33.6336081643
66.2601244416 34.2998584675
66.8607769865 34.9626661596
67.6611012163 35.5925730753
68.7596634944 36.1726708223
69.8595668155 36.7462027866
70.9607807532 37.3131663014
72.1619915191 37.8575893334
73.2656846896 38.4110980955
74.370596203 38.9580313269
75.4766956228 39.4983868693
76.4854445534 40.0493726392
77.4954297289 40.5943961749
78.4082258624 41.1512843448
79.5189987381 41.6665474626
80.7290949023 42.1567755979
81.8418580424 42.6585537148
82.8574332169 43.1728074813
83.8740765895 43.6810874975
84.8917606373 44.183392158
85.9104578379 44.6797199716
86.9301406698 45.170069561
87.8529277978 45.6750462341
88.6789875616 46.1955717078
89.7016609355 46.6689017465
90.9205228877 47.0931909335
92.4327236667 47.4447606902
93.9450544569 47.7872783695
95.4574732898 48.120746673
95.9961729312 48.6727232415
96.5363175618 49.2217785722
96.9806626555 49.7912765173
97.4265745749 50.3584573458
98.1652909197 50.8513812292
98.9050984085 51.340148529
99.9367677905 51.7509912996
101.065875882 52.1309520875
102.485705531 52.4287223287
103.905428222 52.718071494
105.325005042 52.9990032399
106.165209479 53.4281792907
106.62038657 53.958239298
106.980612543 54.5126720117
107.438691948 55.0383441768
107.898165854 55.5616652756
108.647350449 55.9997591799
109.493406421 56.4057560453
110.244183719 56.8352056297
111.091616273 57.2319531732
111.84390722 57.6527558885
112.692633523 58.0402530094
113.446359096 58.4524069583
114.296296357 58.8306532318
115.05137757 59.2341571689
115.807154455 59.6334857401
116.658800955 59.9980061763
117.415816024 60.3886837867
118.173469476 60.7751854659
118.931742537 61.1575110802
119.690616442 61.5356605725
120.355373101 61.9417592969
121.11549391 62.3118543261
122.254141857 62.5468919853
123.392489666 62.77537773
124.5305074 62.9973158015
125.573982629 63.2463208892
126.240974889 63.6250045304
126.626711465 64.1027164436
127.013732368 64.5786222783
127.402030056 65.052718687
127.791596978 65.5250023516
128.369488802 65.9247073597
129.041607711 66.2857419798
129.714295398 66.6431931601
130.387535978 66.9970609083
131.154392738 67.3107902851
131.828576054 67.6571989212
132.503263723 68.0000248989
133.178439883 68.3392684863
133.854088683 68.6749300159
134.530194275 69.0070098843
135.206740821 69.3355085524
135.883712488 69.6604265453
136.561093454 69.9817644521
137.238867901 70.2995229262
137.825136247 70.6531662353
138.503774799 70.9640568148
139.182760344 71.2713699124
139.770569712 71.6154350669
140.450329176 71.9158835508
141.130389213 72.2127570619
141.71961122 72.54724682
142.40035513 72.8372600875
142.990491293 73.1654638693
143.581129526 73.4906680876
144.262854332 73.7705397761
144.854324067 74.0894605219
145.446255923 74.4053825801
146.128831014 74.6751203241
146.721511846 74.9847624125
147.314614911 75.2914071756
147.908127223 75.5950550311
148.502035804 75.8957064489
149.096327684 76.1933619505
149.601626634 76.5329020277
150.28600949 76.779687552
150.881373511 77.0683589549
151.477069021 77.3540370474
152.339458087 77.4987213094
153.112635627 77.6850193157
153.974019946 77.820655746
154.746444852 77.9984721731
155.606744802 78.1250792769
156.378341048 78.2944311045
156.797937413 78.6503655548
157.130592728 79.0523700206
157.551965808 79.4048311962
157.886686713 79.8039097166
158.309809434 80.152889381
158.6465723 80.549031908
159.071417555 80.8945220277
159.583873573 81.1885368313
160.183463567 81.4302563712
160.696657978 81.7191359066
161.296649745 81.9551766601
161.896745044 82.1882440417
162.582978091 82.3673895953
163.354854185 82.4918040373
164.040423889 82.6636618322
164.725718915 82.832016209
165.410724014 82.9968706083
166.09542396 83.1582285317
166.779803543 83.3160935421
167.209133637 83.6289647199
167.554374297 83.9930493002
167.900590798 84.3557801748
168.332180491 84.663524345
168.680164304 85.023275066
169.029107812 85.3816650672
169.462898639 85.6842675367
169.897295795 85.9849772517
170.332291669 86.2837933966
170.851254213 86.5255018201
171.370452168 86.7647912878
171.972902111 86.9459260595
172.658066911 87.0681246293
173.260055613 87.2431243449
173.861882368 87.4151912584
174.463534691 87.5843281294
175.147140151 87.6935025678
175.748226449 87.8565298037
176.349100144 88.0166361388
176.949748816 88.1738245327
177.387327828 88.4442257839
177.744155901 88.7710577795
178.182875525 89.0379360545
178.54119832 89.3617535732
178.90035226 89.6841886544
179.260332196 90.0052392756
179.621132973 90.324903433
179.982749434 90.6431791414
180.425106158 90.8999708708
180.867889488 91.1548681161
181.311091889 91.4078707385
181.754705827 91.6589786281
182.277891295 91.8470974887
182.722113203 92.0941670386
183.245504998 92.2777513787
183.690301664 92.5207849236
184.135470699 92.7619248378
184.581004596 93.0011711877
185.1048966 93.1759470503
185.55094054 93.4111616022
185.997326075 93.6444835807
186.444045717 93.8759131685
186.891091982 94.1054505762
187.338457391 94.3330960432
187.862940675 94.4948122943
188.310720193 94.7184334923
188.75879569 94.9401642727
189.207159707 95.1600049901
189.655804792 95.3779560274
190.104723499 95.5940177957
190.553908385 95.8081907341
191.003352015 96.0204753099
191.453046959 96.2308720186
191.828022535 96.5055668074
192.278406341 96.7124247921
192.729019943 96.9173959069
193.17985593 97.1204807571
193.630906901 97.3216799754
194.082165457 97.5209942229
194.459923038 97.7860121855
194.911787511 97.9817900215
195.363838143 98.1756843655
195.816067563 98.3676959875
196.195623225 98.6263353939
196.64840393 98.8148127319
197.10134206 99.0014091438
197.482234658 99.2553193948
197.935683556 99.4383833108
198.389268568 99.6195683318
198.771442751 99.8687473229
199.225498096 100.046402085
199.608569552 100.292500686
200.063068793 100.466626468
200.447013917 100.709643275
200.901930651 100.880241546
201.286725859 101.120175332
201.742033718 101.287247754
202.127655444 101.524097465
202.583328099 101.687645894
202.969752796 101.921410649
203.356683673 102.15374145
203.8129681 102.312116227
204.200667354 102.541360364
204.588856522 102.769168712
205.045695742 102.922372926
205.43461873 103.147093279
205.824015379 103.370376187
206.213880497 103.592220897
206.671448482 103.738607502
207.062001857 103.95736254
207.453007462 104.17467796
207.844460106 104.390553083
208.2363546 104.60498725
208.694753227 104.742912586
209.087279461 104.954255537
209.480231326 105.164156403
209.873603638 105.372614601
210.26739121 105.579629564
210.661588859 105.785200744
211.056191401 105.98932761
211.451193652 106.19200965
211.910748661 106.316540954
212.306293248 106.516130502
212.765895897 106.63716714
213.225391307 106.756358136
213.684772419 106.873705365
214.144032188 106.989210729
214.540463989 107.180778415
214.999705262 107.292802647
215.458804732 107.402990102
215.917755392 107.511342784
216.376550248 107.617862723
216.835182317 107.722551974
217.232426007 107.904483981
217.690960558 108.00571025
218.149312043 108.105111367
218.486533662 108.361980261
218.824561398 108.617787413
219.163391907 108.872530294
219.503021838 109.126206383
219.843447834 109.378813173
220.184666527 109.630348166
220.526674543 109.880808873
220.8694685 110.130192818
221.213045008 110.378497535
221.557400668 110.625720568
221.902532076 110.871859472
222.248435819 111.116911814
222.652530501 111.279005083
223.056875182 111.439646609
223.518370703 111.516606807
223.922941116 111.674166415
224.32774558 111.830275245
224.732778973 111.984933387
225.193903314 112.055202033
225.599118118 112.206783854
226.004545955 112.356916178
226.465263918 112.422136891
226.870839767 112.569197916
227.276612797 112.714810807
227.682577914 112.858975781
228.088730026 113.001693071
228.495064045 113.142962927
228.848077202 113.367272291
229.201794006 113.590470414
229.556210959 113.812555088
229.911324557 114.033524118
230.267131287 114.253375319
230.623627631 114.472106515
230.980810063 114.689715544
231.338675051 114.906200254
231.645863582 115.207364187
232.005353148 115.421754922
232.416329927 115.548887116
232.827433374 115.674566896
233.288930514 115.71234985
233.55 116.094776163
233.912270824 116.303174511
234.275195213 116.510432584
234.687950339 116.629477942
235.05189703 116.834295097
235.416486016 117.037966724
235.830070836 117.15296032
236.195658091 117.354183223
236.609682001 117.46642256
236.976251156 117.665192245
237.343443576 117.862808186
237.75823055 117.970988436
238.12638075 118.166143749
238.495142842 118.360140363
238.864513177 118.552976359
239.280348867 118.655785945
239.650645046 118.846151217
240.021538042 119.035351065
240.393024186 119.223383619
240.809839156 119.320813297
241.182219105 119.506365444
241.555180725 119.690745637
241.928720327 119.873952055
242.302834216 120.055982884
242.677518694 120.236836326
243.095814069 120.326248678
243.47134454 120.504607074
243.847434043 120.681783645
244.224078859 120.857776639
244.601275264 121.032584316
244.979019527 121.206204947
245.398641265 121.287578845
245.777183475 121.458690712
246.156261914 121.62861132
246.576345299 121.705895127
246.956197178 121.873301362
247.336573626 122.039512237
247.757078859 122.112704498
248.138204207 122.27639563
248.519842434 122.438887417
248.94072973 122.507987061
249.323092282 122.667953974
249.705955997 122.826717668
250.051448588 123.076829136
250.435594504 123.233300323
250.782944933 123.481351603
251.13136568 123.728426127
251.517555354 123.881498042
251.867815878 124.126491267
252.219138177 124.370495839
252.60734161 124.520143826
252.996013726 124.668570277
253.420384884 124.722186594
253.844628072 124.774357773
254.234093505 124.918892033
254.65836126 124.968285446
255.04843252 125.110259774
255.40518995 125.34513628
255.729518225 125.673230661
256.055469686 126.000513021
256.415911272 126.232532553
256.80994956 126.368973606
257.20441497 126.504174839
257.599303602 126.638134915
257.994611549 126.77085251
258.390334903 126.902326311
258.78646975 127.032555018
259.183012173 127.161537343
259.57995825 127.28927201
259.977304056 127.415757757
260.37504566 127.540993332
260.714013488 127.856025729
261.083853697 128.074559047
261.45468014 128.292019848
261.797809403 128.60420304
262.170900428 128.819596407
262.516891413 129.129881646
262.920010921 129.247122423
263.323497126 129.363094918
263.727346038 129.477797983
264.131553664 129.591230484
264.562680714 129.606984265
264.967290466 129.717789224
265.372246669 129.827321245
265.751891304 130.032232604
266.107132592 130.332762821
266.463925862 130.632332894
266.822268585 130.930936032
267.1821582 131.228565452
267.543592121 131.525214375
267.954219454 131.62663568
268.341643374 131.823959792
268.729991677 132.020138069
269.119260985 132.215166646
269.509447905 132.409041671
269.900549027 132.601759301
270.292560928 132.793315702
270.68548017 132.983707052
271.079303297 133.172929536
271.474026843 133.360979354
271.869647321 133.547852711
272.266161235 133.733545825
272.66356507 133.918054926
273.081691928 134.003363456
273.500084992 134.087356667
273.918740122 134.170033728
274.318742092 134.349589397
274.738217826 134.429690704
275.157943383 134.508472477
275.55993075 134.684303548
275.980452934 134.760499994
276.36648302 135.032335185
276.736930572 135.401598208
277.126212463 135.671265843
277.516960694 135.9398123
277.893047363 136.305922432
278.302843313 136.473515462
278.713474866 136.639868209
279.124938271 136.804977073
279.552111777 136.869952039
279.96491653 137.032516077
280.378541651 137.193826484
280.806931785 137.25485728
281.208237761 137.512672203
281.610975718 137.76930864
282.00212856 138.123909745
282.408031965 138.378210283
282.815357048 138.631312014
283.236177959 138.783940539
283.669554446 138.835976973
284.091639328 138.985992263
284.514506341 139.134714993
284.948979599 139.182729691
285.373086308 139.328823446
285.797963127 139.473615352
286.233495789 139.517592247
286.650011095 139.759280036
287.05864686 140.099286047
287.469289333 140.438091245
287.881934993 140.775686371
288.296580281 141.112062175
288.7132216 141.447209418
289.139552299 141.681415531
289.567244563 141.914327213
290.003364217 142.046188438
290.433454068 142.27647079
290.864893545 142.505440991
291.297678643 142.733092829
291.731805329 142.959420106
292.17277006 143.084568027
292.609253703 143.308210828
293.047066636 143.530511532
293.486204728 143.75146399
293.926663823 143.971062064
294.368439738 144.189299632
294.815143927 144.306235969
295.259226552 144.521723328
295.704613267 144.735832877
296.151299792 144.948558543
296.599281822 145.15989427
297.048555027 145.369834012
297.499115049 145.578371738
297.950957508 145.785501432
298.404077997 145.991217089
298.858472087 146.19551272
299.314135319 146.398382349
299.771063212 146.599820013
300.229251261 146.799819766
300.688694935 146.998375673
301.150175852 147.295478725
301.61243154 147.491126231
302.0759291 147.685311188
302.540663896 147.87802772
303.008675208 148.169249076
303.473826543 148.25903208
303.942245004 148.44730823
304.408894867 148.534137223
304.879431168 148.719433899
305.351176421 148.903228196
305.820195916 148.985591594
306.294030434 149.166376688
306.769059467 149.345643124
307.240405731 149.42350395
307.722681569 149.699597139
308.206765334 149.974121923
308.686837439 150.147238846
309.174207797 150.418619694
309.656928474 150.588614983
310.147564965 150.856821417
310.639983631 151.123418387
311.126795784 151.288670283
311.622449347 151.552046387
312.111858724 151.714109752
312.602402173 151.874581887
313.102711772 152.133083553
313.604771581 152.389927638
314.108576115 152.645105691
314.604543099 152.799068906
315.111507496 153.050920225
315.620200038 153.301081253
316.1306151 153.549543613
316.642747019 153.796298946
317.145449454 153.94196142
317.660685498 154.185313225
318.177621312 154.426934022
318.696251095 154.66681553
319.216569011 154.904949483
319.738569189 155.141327639
320.262245721 155.375941773
320.787592667 155.60878368
321.314604049 155.839845176
321.843273855 156.069118097
322.373596039 156.296594297
322.90556452 156.522265654
323.439173182 156.746124063
323.989608785 157.067000581
324.526790067 157.287160602
325.06559282 157.505482513
325.606010786 157.721958294
326.164472643 158.035220162
326.708412241 158.24792754
327.253947907 158.458763883
327.818438062 158.766202033
328.367456248 158.973217433
328.936034896 159.276706702
329.488509033 159.479865709
330.061148743 159.779366847
330.617051954 159.978634192
331.193724968 160.274108136
331.772558378 160.567523432
332.333708295 160.76085662
332.916532554 161.050185519
333.501495499 161.337424824
334.08858974 161.622563949
334.677807841 161.905592331
335.247767082 162.088810647
335.840903313 162.367653666
336.436141038 162.64435538
337.033472641 162.918905333
337.632890466 163.191293093
338.234386807 163.461508258
338.837953915 163.729540452
339.443583999 163.995379325
340.075095077 164.356134732
340.68513285 164.617480622
341.297209711 164.87660135
341.911317686 165.13348668
342.527448757 165.388126403
343.170944799 165.737243892
343.765747891 165.890628331
344.310026189 165.848753647
344.880735078 165.90157555
345.717860938 166.916506687
346.346868861 167.157207929
347.00501225 167.491828098
347.638244183 167.727795197
348.301199258 168.057487561
348.938620425 168.288676936
349.606351126 168.613394238
350.276606694 168.935561509
350.949377679 169.255166084
351.624654576 169.572195335
352.302427826 169.886636663
352.982687817 170.19847751
353.665424879 170.507705349
354.350629291 170.814307688
355.038291278 171.118272073
355.728401009 171.419586084
356.4209486 171.718237336
357.147602387 172.109063294
357.845293955 172.402251932
358.545393095 172.692739938
359.280461388 173.075061812
359.98564248 173.360008982
360.726366041 173.736557994
361.436586952 174.015911938
362.182922114 174.386632119
362.898140254 174.660340759
363.650042868 175.025176463
364.404860087 175.38699492
365.127640631 175.652083943
365.887957842 176.007934139
366.65115514 176.360723991
367.417220779 176.710438912
368.186142949 177.057064356
368.921501167 177.307449295
369.695808011 177.647967284
370.50992961 178.078259045
371.290158552 178.412382019
372.073184034 178.743343457
372.896862372 179.163681642
373.685735182 179.488157676
374.36201785 179.532490884
375.039306914 179.574333032
375.717593387 179.613678232
376.396868254 179.650520629
377.077122471 179.684854399
377.758346971 179.71667375
379.445150136 182.035239994
380.297371915 182.42461813
381.112065702 182.719104107
381.970450114 183.101442356
382.832038535 183.4801726
383.696816741 183.855278478
384.439054723 183.954355066
385.140551333 183.959904128
385.885392107 184.053378616
386.58890114 184.053577401
387.33630352 184.141421004
388.041785346 184.136244455
388.791707888 184.218428687
390.859825339 186.993258317
391.709330926 187.244888846
392.605772943 187.582584444
393.505242754 187.916477544
394.362704914 188.157259868
395.086700643 188.127040699
395.857019236 188.183123874
396.628629107 188.236209204
397.401519007 188.286289128
398.175677653 188.333356126
398.951093729 188.37740272
399.727755881 188.418421471
400.505652726 188.456404986
402.28288651 190.3389847
404.02513723 192.12438574
405.106474312 192.673130766
406.143929552 193.129425699
407.185289774 193.581083329
408.279442752 194.115308242
409.328830117 194.557477007
410.382064924 194.994947726
411.389400568 195.340941238
412.45 195.769113311
413.514389525 196.192528983
414.481462309 196.438595952
415.654460967 197.025012839
416.781189109 197.520008829
417.860813734 197.924042681
418.944129836 198.323222094
420.083011665 198.803008848
421.173919559 199.192258221
422.320889254 199.661747833
423.472004935 200.125975195
424.627244822 200.584918889
425.839818774 201.123212074
427.057004996 201.655843377
428.225016731 202.098471114
429.180951547 202.199134584
430.193076699 202.37974769
431.20761157 202.555978989
432.169719132 202.644180042
434.400566322 204.647950572
435.372386384 204.724021669
436.290404704 204.712875356
437.265556054 204.780904702
438.186352102 204.762047724
441.081952727 207.629917037
442.410816109 208.174128344
443.744490777 208.712015472
444.911457217 208.99740279
445.909368966 209.031887094
446.908927277 209.062147173
447.910115437 209.088173021
448.971108523 209.191279417
449.975761506 209.208623646
453.682293373 212.945730563
455.114480175 213.511430375
456.670157544 214.231380747
458.231888215 214.943636391
459.79963914 215.648166381
461.373377136 216.344939926
463.013288054 217.113761519
464.478211008 217.635449785
465.705139046 217.832232138
466.752016944 217.785642618
467.861455539 217.813679791
468.972715307 217.836877587
470.085776765 217.855224844
471.200620378 217.868710473
472.317226559 217.87732346
477.120379042 222.488896624
478.254923609 222.476121081
479.454079349 222.536099552
480.592181863 222.513213714
481.795342482 222.562662585
483.000595031 222.60672873
484.14400084 222.568492694
489.074307136 227.050871224
490.49263213 227.296701488
491.785087292 227.383237658
493.015085798 227.387779384
494.247004368 227.386817845
496.657234702 228.742710178
498.225174589 229.104406269
499.863156812 229.533758008
501.439723162 229.879985872
503.086738337 230.293407475
504.671798349 230.62407313
506.260937915 230.947027575
507.787117693 231.188018195
509.316845012 231.421675183
510.917560839 231.721785988
512.45452174 231.940503577
514.062870964 232.225208995
515.675103139 232.502073179
517.359579909 232.844027359
518.979706644 233.104929026
520.672467601 233.430445603
522.36943192 233.747600949
524.070563722 234.056371878
525.775827026 234.356735345
527.485185743 234.648668448
529.198603685 234.93214843
530.986253146 235.278361907
532.778336318 235.615634903
534.645469681 236.014709238
536.446526601 236.3338056
538.251900448 236.64388796
540.061552306 236.944932356
541.946982769 237.306786888
543.765292848 237.589458773
545.659740496 237.932441636
547.19776657 237.919868738
548.665722284 237.830991555
550.208185848 237.803956333
551.75293062 237.769554471
553.372985759 237.796051672
554.922413935 237.746642792
556.547517343 237.757642633
557.954098721 237.557990677
559.214128222 237.217115659
560.474559686 236.870650476
561.661034881 236.451699558
562.921992121 236.094270579
564.108529075 235.664813873
565.369923928 235.2964009
566.706779357 234.988319891
568.044315514 234.674142602
569.458091579 234.419336994
570.797119268 234.092707299
572.21274603 233.824957638
573.553161385 233.485844508
574.894129882 233.140598251
576.312230633 232.853490814
577.808043547 232.623791828
579.305136734 232.38697153
580.726272732 232.079466413
582.070823045 231.701995628
583.493374982 231.381414922
584.916693231 231.05416301
586.184748388 230.595077887
587.218136937 229.943293884
588.328645986 229.349363703
589.359668427 228.688871682
590.468166716 228.08574179
591.496754321 227.416545818
592.44483494 226.682029673
593.311816956 225.882942959
594.176663669 225.080634042
595.039363382 224.275108453
595.899904415 223.466371767
597.399221696 223.133164868
598.979667739 222.852311862
600.561279721 222.56370897
602.144024507 222.26734611
603.808733629 222.022042726
605.393829022 221.709875618
608.442152852 222.439672019
612.719305319 224.023420476
616.601442037 225.293394686
621.230644598 227.059091768
625.956004888 228.855157671
630.613658482 230.566676208
635.696856086 232.535009909
640.795659868 234.473613531
646.075281934 236.49492401
647.808350753 236.077415221
649.210099688 235.428381976
650.527998069 234.717377552
651.928247881 234.055612126
653.327795447 233.387346826
654.810334892 232.767267434
656.124675629 232.031308286
657.101636723 231.072729914
657.991854848 230.056394503
658.794808161 228.98310384
659.679121213 227.960392499
660.39107237 226.828175735
661.184364135 225.746557493
661.88934593 224.609618089
662.59074887 223.470467329
663.288566018 222.329116477
664.068352953 221.237336477
664.759140196 220.091349997
665.446320202 218.943196844
666.215933154 217.843838521
666.896038135 216.691115257
667.572514748 215.536258945
668.245356302 214.379281005
668.914556143 213.22019288
669.580107653 212.059006032
621.786929916 183.425825297
621.836133474 182.11872678
622.142207756 180.959434267
622.531630401 179.848504021
622.917253401 178.736905159
623.211318785 177.576706871
623.58919115 176.464085701
623.963263817 175.350835091
624.333536568 174.23696793
624.611655482 173.075661049
624.974181066 171.960877515
625.066967506 170.706678232
625.155083876 169.453588355
625.238538078 168.20162484
625.317338075 166.950804602
625.480713577 165.746305238
625.55037087 164.497541347
625.615397323 163.249970804
625.675801138 162.003610372
625.911155951 160.846546495
626.142456843 159.689595893
626.369706857 158.53277261
626.683103206 157.419276561
626.992725634 156.305368171
627.29857465 155.191060156
627.600650805 154.07636523
627.898954693 152.961296095
628.284348935 151.88762787
628.39325539 150.688609501
628.680116483 149.572780242
628.87195708 148.415724555
629.151153671 147.299548998
629.335076873 146.142747462
629.331714715 144.906155821
629.323836503 143.671022675
629.403335159 142.476827736
629.478583407 141.283545279
629.457457615 140.052305344
629.524102862 138.861182473
629.494145455 137.632712448
629.552217886 136.443810071
629.606074904 135.255895165
629.655723299 134.068982473
629.608322497 132.845947002
629.649457884 131.661375
629.686406242 130.477849608
629.719174565 129.295385436
629.747769897 128.113997056
629.772199334 126.93369901
630.073064861 125.86064974
630.651370893 124.892214956
631.133096058 123.886584684
632.174932799 123.08613361
633.308972593 122.314544838
634.535513425 121.570934548
635.760665187 120.820806679
637.078686752 120.09747662
638.395470095 119.367038569
639.710983532 118.629493188
641.025195375 117.884841272
642.432773257 117.165209076
643.744387372 116.40604902
645.054603844 115.639785266
646.458389144 114.897649631
647.575621058 114.055020438
648.786164746 113.237120784
649.899704522 112.38238988
651.106693742 111.551796049
652.216433285 110.684976747
653.419756181 109.841701297
654.525587418 108.96280779
655.725132152 108.106864186
656.922790969 107.244441206
658.022601799 106.347314161
658.928249394 105.388465775
659.735292451 104.397337323
660.63584187 103.429485788
661.341294559 102.402952848
661.947488411 101.34627862
662.164812185 100.181141428
662.281856984 98.9895203577
662.684829317 97.8755623636
663.181070808 96.785540696
663.577268163 95.6681576624
663.485768167 94.4247629914
663.486977125 93.2074696577
663.387120773 91.9668096428
663.380142418 90.7516690432
663.27196051 89.5137995281
663.256821992 88.3008664122
663.237650187 87.0889045482
663.11707453 85.8551718223
663.089783002 84.6454988584
662.960959447 83.4146947901
662.92557625 82.2073648364
662.886191943 81.0010731009
662.842812707 79.7958327996
662.69765624 78.5707429265
662.646240582 77.3679526492
662.492931636 76.1459547403
662.335527193 74.9256770961
662.174036557 73.7071333782
662.106574357 72.5097112815
662.035165595 71.3134330882
661.9598168 70.118311769
661.880534545 68.924360265
661.797325443 67.7315914876
661.808593918 66.5578474848
661.717606715 65.3671732507
661.622711787 64.1777201227
661.622477507 63.0064009761
661.618454425 61.8357084247
661.511980547 60.6493748573
661.500341013 59.4802825558
661.48492559 58.3118536711
661.465738338 57.1441003836
661.442783354 55.9770348552
661.416064775 54.8106692282
661.385586776 53.645015626
661.351353574 52.4800861526
661.313369421 51.3158928924
661.37072573 50.1659291084
661.424423523 49.0161023095
661.573634177 47.8792818598
661.520849313 46.7169061977
661.563580279 45.5675601311
661.701945503 44.4303191226
661.836733725 43.2926486158
661.967943612 42.1545598616
662.095573865 41.0160641149
662.319052162 39.8878443813
662.439552466 38.7482557005
662.655962564 37.6183398971
662.86884941 36.4874361971
662.978653622 35.3461353651
663.184452646 34.2136019738
663.386717285 33.0801137884
663.585443569 31.9456818411
663.680961637 30.8021499699
663.872574247 29.6661771215
664.060637784 28.529293779
664.245148417 27.3915110334
664.426102348 26.2528399905
664.503713796 25.1066926218
664.477918256 23.9540215242
664.448478729 22.8017511289
664.515237316 21.655550457
664.478533946 20.5038020075
664.438192507 19.3524887256
664.394215373 18.2016220997
664.346604954 17.0512136076
664.195447252 15.8971876961
664.140565282 14.7480440921
663.982118289 13.5959345061
663.820028239 12.4449574946
663.75426064 11.2979544564
663.584909589 10.1489627481
663.511907043 9.00333919558
663.335313551 7.85637855868
663.255090809 6.71218008942
663.071273727 5.56729613725
662.983845829 4.424568218
662.892822317 3.2824353504
662.698206564 2.14059437175
662.6 1.0
