1.2 1.0
10.9360248904 5.56380256614
19.5398540912 9.85813506401
27.705668565 13.9056990662
30.1389468592 18.0637627069
43.0027143226 21.328186206
38.1789546759 25.87448945
55.0036078542 28.1848824816
59.7290361487 31.5074405674
66.5760834547 34.3903456804
74.3414998302 36.923408818
80.8464729043 39.444525768
86.6858557145 41.9012939616
94.2112140548 43.8370818242
97.1571467649 46.5761658266
102.567945105 48.6465497171
107.120953565 50.7826621042
112.269780549 52.6280418462
117.13975101 54.4076711658
120.394021115 56.5490085313
124.525241459 58.321628684
128.477751359 60.043020089
133.192356683 61.3818692239
138.746869181 62.2672653293
140.477404835 64.509303506
143.899974917 66.0199367039
148.980372637 66.7203328585
150.856140103 68.7240655522
153.751601081 70.2144913555
156.477094562 71.7189904809
159.480216939 73.0180572388
162.752904799 74.0991440368
165.67414205 75.2887197754
169.118698915 76.1058920879
171.351895219 77.5490374617
174.023376536 78.6781200891
176.613803172 79.795979798
179.124371297 80.9067730892
181.638947647 81.9581452722
183.993009987 83.065755758
186.35227979 84.1194062247
188.715643074 85.1192124516
191.239614619 85.9422072453
193.683710763 86.7694971584
196.357038004 87.3489804729
198.718601497 88.1265649346
200.405705227 89.4489482623
202.109243898 90.7398454972
204.482377709 91.3804947531
206.922649573 91.8989374937
209.214373243 92.5050816862
210.739509072 93.8547508713
212.35276928 95.1059134548
214.251217188 96.0323431589
216.55183621 96.4706444941
218.780112211 96.9365406274
220.621716434 97.8200810682
222.035688036 99.2177481925
224.205175505 99.6433199955
225.831496606 100.747296225
227.590557871 101.6621711
229.474187845 102.382246078
231.362435264 103.068039597
233.363660777 103.551880992
235.416116851 103.913420103
237.152404242 104.749070875
238.596223516 106.07362292
240.557107455 106.507120736
242.230075605 107.43235333
244.148995974 107.887910211
246.112750262 108.220167486
247.986028462 108.697292282
249.566456452 109.777146888
251.127421026 110.925251987
252.868817693 111.683068508
254.735122632 112.135461833
256.603936471 112.55658506
258.439959877 113.040229672
260.113951284 113.965229685
261.74321219 115.054847273
263.457575255 115.930462427
265.276448919 116.493008448
267.103976419 117.026771189
268.939702299 117.531617627
270.686264144 118.39550626
272.429692761 119.330588432
274.301123617 119.751074743
276.080930197 120.632261952
277.846067048 121.683442339
279.687963946 122.412648399
281.532437522 123.212557195
283.397122639 123.984366744
285.281589868 124.727637992
287.175157467 125.541412446
289.090765127 126.326089042
291.042159984 126.881678978
292.991816653 127.706335146
294.988961117 127.901101214
296.990509227 128.064365442
298.995174392 128.29603421
301.027716372 131.195943866
303.104203307 132.063243977
305.184649679 132.297674799
307.267745693 132.399162374
309.362433424 132.567301562
311.559626459 133.797835209
313.869677948 135.687757549
316.124100987 136.54432252
318.328720374 136.76839842
320.574298974 137.154280953
323.001607034 138.489221664
325.331677206 138.994188754
327.702988223 139.557693556
330.436776226 141.644277
332.948219021 142.412357534
335.588328903 143.523965865
338.297398575 144.683677787
341.079114023 145.889152082
343.879512312 146.946388785
346.480994659 147.188498643
349.100981195 147.384608636
352.138190559 148.665734296
355.575685453 150.824507963
358.477736402 151.326459232
361.447071028 151.866389438
364.526232137 152.533677334
367.682224914 153.232310732
370.918227208 153.959357509
374.106862459 154.441627131
377.552733581 155.30769104
381.09047102 156.191319054
384.770566185 157.176954474
388.550766433 158.17163155
392.484077481 159.257971087
396.369767609 160.08761074
400.782750988 161.595756803
405.157918806 162.835756594
409.708497781 164.142899063
414.383159308 165.428047688
419.417184801 167.011403145
424.529096206 168.475951104
428.985243936 168.868093594
435.100837239 171.197102729
440.243421125 172.059120865
445.769345149 173.18204905
451.035911591 173.79584315
457.563388417 175.621930555
463.639969641 176.698521155
469.650374061 177.481700414
475.936769308 178.331027193
482.362925625 179.094843714
489.074046254 179.905268321
496.002650959 180.682416549
503.450507565 181.68287404
511.280881458 182.752796761
518.887174742 183.363413912
526.953367069 184.092133026
534.701759178 184.302821142
542.352599529 184.192951561
550.299417877 184.06340817
558.709466116 184.0164532
567.426645484 183.917985134
576.453991389 183.754345078
584.867039125 182.919680135
592.725410874 181.496658775
600.264848433 179.665555705
607.818248874 177.640696501
615.381362901 175.421202652
622.949917261 173.006281692
630.163644811 170.212788066
637.189125963 167.145428261
644.108562846 163.855110377
651.280226791 160.511260623
658.522612623 157.020948073
662.694854259 152.072342584
665.406154213 146.475882754
668.124538648 140.866951227
670.85081468 135.242442063
673.680224161 129.631761517
676.614839295 124.027244229
680.707354179 118.746169679
685.494362175 113.590660054
690.019896086 108.260107482
693.794719806 102.639601796
697.294341879 96.8795906912
700.514628442 90.990457296
703.745458248 85.0438275181
706.396836581 78.9233675935
708.265784185 72.619127779
709.938045604 66.2595492357
711.51112005 59.864998725
715.861222322 53.8023083644
724.395373007 48.0910540351
733.050017932 42.1422163908
741.919692556 35.9553333791
750.001290167 29.4543291589
751.692944515 22.4085000651
751.974618603 15.2752982036
752.343626218 8.14169588697
752.6 1.0
