10.867638347999604 1.009070636600476e-37
11.411801474233114 6.196648512966848e-38
13.034473073844428 2.7993604566432167e-38
14.719319205005647 1.0367791970603659e-38
18.28293451100823  3.7711220494242113e-39
26.51606929269927  1.2308243469132812e-39
38.859017640523    7.15981763641212e-40
62.582565374717156 5.764800915198607e-40
110.788609270474   5.869856050894904e-40
212.95457453334728 8.73326162382851e-40
394.88771974007585 1.4221361511653464e-39
749.8176636967278  2.400999982340401e-39
1457.7138852764463 4.4366873309786245e-39
2701.945262438203  8.499859846090154e-39
5707.251556973959  1.7822982971317245e-38
9508.725458075965  2.8503747409110666e-38
