   3.3113e+00     8.5638e-33
   3.6308e+00     5.4104e-36
   3.9811e+00     5.6411e-37
   4.3652e+00     1.3643e-37
   4.7863e+00     4.8940e-38
   5.2481e+00     2.2120e-38
   5.7544e+00     1.1705e-38
   6.3096e+00     6.9885e-39
   6.9183e+00     4.5488e-39
   7.5858e+00     3.1742e-39
   8.3176e+00     2.3452e-39
   9.1201e+00     1.8170e-39
   1.0000e+01     1.4649e-39
   1.0965e+01     1.2214e-39
   1.2023e+01     1.0481e-39
   1.3183e+01     9.2175e-40
   1.4454e+01     8.2814e-40
   1.5849e+01     7.5832e-40
   1.7378e+01     7.0569e-40
   1.9055e+01     6.6618e-40
   2.0893e+01     6.3693e-40
   2.2909e+01     6.1596e-40
   2.5119e+01     6.0183e-40
   3.1623e+01     5.9045e-40
   3.9811e+01     6.0684e-40
   5.0119e+01     6.4756e-40
   6.3096e+01     7.1255e-40
   7.9433e+01     8.0411e-40
   1.0000e+02     9.2643e-40
   1.2589e+02     1.0857e-39
   1.5849e+02     1.2900e-39
   1.9953e+02     1.5504e-39
   2.5119e+02     1.8804e-39
   3.1623e+02     2.2976e-39
   1.0000e+03     6.7076e-39
   3.1623e+03     2.0675e-38
   1.0000e+04     6.4850e-38
