0.502 1.929e-36
0.535 1.164e-36
0.566 6.032e-37
0.603 2.755e-37
0.638 1.428e-37
0.675 7.402e-38
0.720 4.036e-38
0.767 2.257e-38
0.811 1.468e-38
0.879 9.317e-39
0.942 6.708e-39
1.004 4.953e-39
1.106 3.390e-39
1.242 2.206e-39
1.405 1.629e-39
1.517 1.331e-39
1.727 1.087e-39
2.000 8.442e-40
2.159 7.073e-40
2.339 5.223e-40
2.483 3.760e-40
2.992 1.237e-40
3.285 6.914e-41
3.523 4.978e-41
4.273 3.079e-41
5.166 2.274e-41
6.184 1.637e-41
7.703 1.209e-41
10.393 1.065e-41
13.654 1.149e-41
17.466 1.304e-41
23.330 1.637e-41
26.476 1.480e-41
29.748 9.628e-42
