0.30482158919260427 6.299697963699192e-44
0.3603946561512068  4.0949150623804635e-44
0.43984751685789686 5.779692884153241e-44
0.5200746924731524  4.4633389000179914e-44
0.6411993957422804  2.7789296403176915e-44
0.7988323339256767  1.5873776897913385e-44
1.0162579107120813  8.318940674880885e-45
1.2793860690880594  4.3596917354484964e-45
1.7516637252854315  2.958614867885203e-45
2.2289068055528998  2.5999559286685708e-45
2.8964966553873484  2.833876712454476e-45
4.268822489777      3.999823395608993e-45
5.724444577448171   4.1758827810524175e-45
6.839499775885055   2.833876712454476e-45
8.17073546776026    1.4225293134853725e-45
8.97476948447229    4.845896673409914e-46
9.25839860916086    2.2317187169684525e-46
9.550140289895431   8.286427728546935e-47
9.851777264155823   3.6553180422141624e-47
10.162941309378429  1.612437883662069e-47
10.484120160024952  7.425886368281569e-48
10.814485589904205  2.7572502862167695e-48
11.157050406504503  1.5085907086001826e-48
11.509440928960965  6.654711796333953e-49
12.251893114554521  2.811768697974256e-49
14.637115109229152  1.5384196906973548e-49
18.046079725235675  9.578390020327465e-50
22.722595717571664  7.722449945836317e-50
31.44380379973561   8.062367401460673e-50
42.61450002802649   1.089971057280838e-49
64.13479538097116   1.5384196906973548e-49
96.52970659121127   2.5796728079999194e-49
132.19839802285773  3.340484983513337e-49
235.2858107825558   5.365273145287781e-49
401.5785603427742   8.996666725006114e-49
989.1533688824095   1.953513093877141e-48
1488.6751897112276  2.7572502862167695e-48
2312.1664768828095  4.6234480949599336e-48
3516.4629174691013  6.525681155193038e-48
4866.731114703792   9.210553176894823e-48
6459.013016462642   1.3000066630116841e-47
10031.23380395163   1.8348706005132336e-47

