8.047 9.798e-45
8.461 6.708e-45
8.928 4.787e-45
9.387 3.399e-45
9.421 3.399e-45
9.764 2.805e-45
12.856 7.239e-46
16.737 2.890e-46
18.758 2.084e-46
18.758 2.084e-46
21.322 1.543e-46
25.468 1.190e-46
25.468 1.190e-46
29.148 1.035e-46
32.424 9.577e-47
35.559 8.907e-47
38.174 8.680e-47
40.691 8.614e-47
44.938 8.706e-47
49.981 8.868e-47
54.806 9.103e-47
60.955 9.296e-47
68.274 9.845e-47
77.561 1.065e-46
88.110 1.169e-46
88.110 1.169e-46
103.701 1.325e-46
129.162 1.606e-46
193.418 2.173e-46
246.077 2.717e-46
244.338 2.717e-46
313.057 3.507e-46
401.093 4.596e-46
401.093 4.596e-46
483.863 5.703e-46
626.596 7.227e-46
855.682 9.723e-46
1236.581 1.422e-45
1724.982 1.923e-45
2306.110 2.546e-45
3428.606 3.685e-45
4748.818 5.088e-45
6484.752 7.024e-45
8792.397 9.902e-45
