5.98391e+00 2.31583e-44
6.63113e+00 9.73274e-45
7.11079e+00 5.24807e-45
7.78339e+00 2.56692e-45
8.76815e+00 1.12659e-45
1.02917e+01 4.73472e-46
1.14990e+01 2.78423e-46
1.24325e+01 2.10065e-46
1.50804e+01 1.09648e-46
1.85953e+01 6.73341e-47
2.26485e+01 4.86473e-47
2.58305e+01 4.41272e-47
3.38754e+01 4.18000e-47
4.66708e+01 4.86473e-47
6.14585e+01 6.04194e-47
8.53712e+01 7.92179e-47
1.25093e+02 1.12050e-46
1.88646e+02 1.65510e-46
2.74159e+02 2.34106e-46
4.22021e+02 3.53375e-46
8.10979e+02 7.06988e-46
1.00000e+03 8.22800e-46
