6.2662857571501345 8.543266059341143e-44
6.546165237459862 6.138103229381494e-44
6.779666254444859 4.273357542109263e-44
7.083000795258592 2.837863178135969e-44
7.464615600011724 1.826158468270242e-44
7.9359351889724685 1.0861690808398076e-44
8.364000229168054 6.562873255542149e-45
9.047496326054578 4.028359352386536e-45
9.787282397354216 2.358574357958542e-45
10.773534028219355 1.2966432776590116e-45
11.653761493745419 8.085228676856251e-46
13.051491437918491 4.885273571519322e-46
14.744023607773366 2.9986313485755303e-46
16.94685704302921 1.929612418460103e-46
19.309090031421555 1.3433993325988877e-46
21.99798577079349 1.0608183551394396e-46
25.498135022600614 9.062853448588874e-47
29.81276216010585 7.742636826811214e-47
34.85334634119006 7.502632520822492e-47
42.366398703467055 7.681925401780325e-47
49.31031717163866 8.245923781774311e-47
58.65047988876358 8.921283702446966e-47
70.36461542082742 1.0118781198504426e-46
83.68907499954075 1.147701792233362e-46
102.15715500762107 1.3647174196395528e-46
127.98931328428989 1.622767907196007e-46
154.8790045783498 1.9913394573407126e-46
200.88081263549006 2.5618105424761687e-46
249.49149885765476 3.193548412908898e-46
315.2849237925243 4.044246393116117e-46
391.58580600176094 4.962796825169922e-46
490.57577025301464 6.284787504342158e-46
583.4467421081572 7.473159878245431e-46
687.904332649574 8.886238162743408e-46
892.2373394747145 1.1253355826007646e-45
1167.2979372125035 1.494028817264169e-45
1437.2660133277113 1.8333604707298815e-45
1754.3565126041958 2.2854638641349838e-45
2197.877322459486 2.849055140905999e-45
2826.141743698262 3.5516270124862015e-45
3665.501539159193 4.6415888336127535e-45
4552.440310089992 5.878016072274875e-45
5753.050071199337 7.327524259667632e-45
6961.778709595096 8.921283702446965e-45
8497.879610544662 1.0861690808398076e-44
9594.342745086236 1.2319647754934755e-44
