379.461 1.17946
379.189 6.80881
380.676 12.545
382.242 18.4053
384.086 24.435
383.675 30.2702
383.428 36.1695
383.539 42.2052
383.702 48.347
382.312 54.1465
381.273 60.0795
380.866 66.2977
379.999 72.4499
378.187 78.2923
376.217 84.1067
374.848 90.2766
372.08 95.7902
370.18 101.835
367.28 107.352
363.867 112.558
359.79 117.29
355.768 122.023
351.376 126.428
345.757 129.702
340.036 132.703
334.225 135.426
327.777 137.271
319.93 137.235
312.441 137.118
305.402 137.082
297.796 135.803
289.749 133.257
282.119 130.593
275.967 129.651
269.265 127.19
263.95 126.711
258.854 126.28
253.906 125.786
249.055 125.125
243.518 122.108
238.265 119.008
233.876 117.86
229.858 117.572
225.926 117.297
221.896 116.134
217.941 114.677
214.214 114.01
210.568 113.43
206.976 112.803
203.439 112.237
199.945 111.697
196.502 110.585
193.126 109.431
189.835 107.997
186.612 106.587
183.393 105.549
180.161 104.754
176.925 104.023
173.747 103.069
170.625 101.954
167.441 101.07
164.246 100.188
161.164 98.98
158.078 97.7773
154.907 96.7376
151.628 95.8539
148.389 94.8053
145.138 93.6972
141.84 92.5801
138.419 91.5527
134.964 90.4579
131.471 89.2937
127.938 88.058
124.188 86.945
120.279 85.8495
116.289 84.6695
112.106 83.4979
107.762 82.2811
103.294 80.9663
98.5692 79.6437
93.6817 78.2123
88.4766 76.7602
82.9805 75.2333
77.0726 73.6709
70.6842 72.065
63.5427 70.5027
55.7906 68.8352
47.19 67.1032
36.3865 65.7565
23.8945 64.38
