275.712 1.15571
276.161 6.0623
279.527 11.1935
278.378 16.1261
277.215 21.0142
275.781 25.825
272.491 30.2377
269.244 34.5058
266.039 38.6397
262.95 42.6718
259.892 46.5929
256.713 50.3574
251.833 53.3307
246.879 56.0363
241.933 58.5054
237.068 60.7746
232.041 62.7178
230.489 66.4669
228.72 70.121
176.248 64.8949
169.428 60.8361
166.255 60.7185
163.235 60.5959
160.382 60.5092
157.639 60.3982
155.019 60.304
152.495 60.2012
150.081 60.1319
146.936 58.3372
143.112 54.5002
139.598 50.5889
137.794 50.5197
136.044 50.4793
134.336 50.4545
132.655 50.4058
131.002 50.3527
129.379 50.3151
127.778 50.2855
126.192 50.2281
124.623 50.1896
122.975 48.6792
121.484 48.9942
112.519 34.3997
111.394 34.4614
110.249 34.5133
109.076 34.5753
107.872 34.6458
106.658 34.6607
105.419 34.6605
104.144 34.6643
102.829 34.6701
101.472 34.6756
100.067 34.6788
98.6127 34.6772
97.0903 34.6882
95.5078 34.6894
93.8606 34.6786
92.1123 34.6912
90.2854 34.6863
88.3558 34.6801
86.2947 34.6884
84.1067 34.6898
81.7571 34.7
79.314 34.6433
77.608 33.8683
75.8782 33.0429
74.0713 32.2003
72.1253 31.3701
70.1578 30.4651
68.1376 29.5008
65.9979 28.5052
63.7528 27.4583
61.387 26.3551
58.8823 25.1897
56.0711 24.0079
53.211 22.6937
49.7581 21.4003
46.3951 19.8922
42.8668 18.2356
39.0428 16.4384
34.864 14.4798
30.7525 12.271
27.0911 9.77966
26.917 6.85442
