395.925 1.27593
396.558 9.96524
400.946 18.952
402.086 27.9411
396.427 36.1905
390.526 44.1106
384.542 51.7219
377.216 58.7459
368.665 65.0903
360.193 71.0197
350.798 76.2206
339.884 80.3844
328.258 83.6673
255.064 86.8698
248.118 88.2206
238.532 87.2636
230.225 86.6389
222.194 85.6763
213.391 83.4634
207.221 83.0305
201.543 82.6655
195.161 81.1575
189.924 80.43
184.779 79.4194
179.529 77.8565
175.608 77.65
170.967 76.1076
166.563 74.4826
162.921 73.6871
159.657 73.2489
156.552 72.8526
153.591 72.5034
150.724 72.1227
147.784 71.3009
145.031 70.6585
142.415 70.1281
139.773 69.211
137.213 68.2018
134.764 67.2284
132.463 66.5309
130.295 66.2314
128.168 65.9369
126.076 65.6408
124.005 65.1868
121.965 64.557
119.969 63.9303
118.01 63.3412
116.08 62.8295
114.167 62.394
112.274 61.9288
110.389 61.5033
108.518 61.0475
106.652 60.5953
104.788 60.1456
103.028 59.3304
101.231 58.6877
99.4599 57.9827
97.869 56.8345
96.3175 55.6716
94.7896 54.5247
93.2363 53.4813
91.6303 52.5627
90.0428 51.6167
88.562 50.5034
86.9958 49.5319
85.3291 48.6903
83.6476 47.8372
81.9273 46.9958
79.7652 46.6126
77.8643 45.8466
75.9002 45.0777
73.8901 44.2793
71.4861 43.7509
68.7132 43.4091
66.1598 42.7446
63.4626 42.0595
59.9088 41.8213
56.3119 41.4016
52.2109 41.0748
48.1504 40.4847
44.0148 39.702
39.4466 38.8918
34.4871 37.9915
28.7168 37.1289
21.7014 36.3775
12.9715 35.7638
