400.058 1.20006
399.538 7.46849
400.837 13.8332
402.876 20.376
404.671 27.0556
404.982 33.6655
405.247 40.3529
405.463 47.1271
404.4 53.6815
402.514 60.0356
401.568 66.694
400.233 73.2898
398.404 79.7557
396.621 86.2886
394.452 92.7067
392.323 99.1997
389.707 105.5
386.409 111.451
382.056 116.746
378.27 122.363
373.476 127.25
368.023 131.545
362.594 135.723
356.316 139.025
350.281 142.338
342.472 143.686
334.886 144.852
328.154 146.577
319.948 146.205
310.583 143.772
303.57 143.762
294.616 140.43
287.187 138.592
280.748 137.747
274.562 136.84
268.318 135.297
261.915 132.795
256.248 131.206
251.306 130.82
246.023 129.08
240.988 127.407
236.335 126.342
231.856 125.372
227.297 123.448
223.097 122.448
218.862 120.514
214.803 118.69
210.932 117.303
207.208 116.528
203.55 115.814
199.943 115.06
196.407 113.586
192.93 112.518
189.494 111.592
186.085 110.741
182.721 109.779
179.462 108.406
176.126 107.589
172.854 106.543
169.643 105.33
166.446 104.128
163.194 103.107
159.886 102.204
156.577 101.244
153.211 100.338
149.89 99.2618
146.531 98.1817
143.159 97.0407
139.737 95.8915
136.222 94.7844
132.635 93.6621
128.966 92.5214
125.206 91.3589
121.297 90.2226
117.267 89.0563
113.101 87.8559
108.783 86.617
104.239 85.3858
99.5579 84.0557
94.533 82.7732
89.2491 81.4314
83.5968 80.0752
77.7568 78.547
71.1968 77.1445
64.1421 75.6602
56.5024 74.0886
48.0475 72.4774
37.435 71.3231
25.2066 70.1814
