270.867 1.15087
269.949 2.71979
269.089 4.27113
269.826 5.85694
272.6 7.54668
275.654 9.31096
276.504 11.0004
276.216 12.6252
275.982 14.2511
275.718 15.8721
275.423 17.4875
275.183 19.1068
274.912 20.7211
274.612 22.3299
274.365 23.945
274.172 25.5686
274.201 27.2313
274.283 28.9102
274.335 30.5914
274.44 32.2912
274.515 33.9938
274.558 35.6987
274.655 37.4252
274.721 39.1545
274.84 40.908
274.843 42.6423
274.985 44.4253
275.011 46.1878
275.09 47.9779
275.138 49.7712
274.983 51.5112
274.796 53.249
274.577 54.9842
274.411 56.7467
274.214 58.5073
273.984 60.2651
273.723 62.0196
273.514 63.8051
273.274 65.588
273.087 67.4048
272.868 69.2198
272.445 70.9542
271.991 72.6814
271.506 74.4008
270.988 76.1117
270.439 77.8136
271.562 80.398
275.13 84.3485
277.344 87.6728
278.661 90.5761
277.929 92.3562
277.165 94.1234
276.461 95.9328
275.724 97.7305
274.955 99.5158
272.976 100.521
270.717 101.313
268.542 102.125
264.176 103.635
262.069 104.393
260.038 105.175
253.902 107.301
251.922 107.999
249.935 108.662
245.944 107.599
240.519 105.192
236.186 103.591
232.056 102.051
228.727 101.132
226.484 101.147
224.315 101.186
220.568 99.6322
220.074 101.224
218.055 101.28
207.567 96.3696
205.22 95.7862
202.955 95.2321
200.767 94.707
198.61 94.1593
196.527 93.6407
193.7 92.1453
185.946 86.1416
184.108 85.5827
182.331 85.0518
180.579 84.5033
178.886 83.983
177.248 83.4909
175.632 82.9822
174.069 82.5019
172.442 81.8739
167.633 77.9411
166.213 77.4223
164.813 76.8911
163.459 76.3893
162.125 75.8759
160.833 75.3921
159.583 74.9379
158.35 74.4733
157.135 73.9989
155.958 73.5551
154.817 73.1417
153.693 72.7198
152.549 72.2125
151.407 71.6606
150.284 71.1041
149.198 70.5815
148.131 70.0553
147.141 69.6759
146.138 69.218
145.138 68.7208
144.169 68.2593
143.216 67.7971
142.28 67.335
141.372 66.9099
140.468 66.4503
139.591 66.0288
138.73 65.6104
137.883 65.1957
137.061 64.8206
136.243 64.416
135.44 64.0177
134.651 63.6266
133.883 63.2775
133.121 62.903
132.372 62.5381
131.636 62.1836
130.912 61.8402
130.228 61.6743
129.551 61.5196
128.215 61.2142
127.555 61.0652
125.603 60.6093
124.325 60.3211
123.692 60.1705
123.063 60.0377
122.433 59.7623
121.807 59.4423
121.186 59.0151
120.574 58.6089
119.971 58.1921
119.377 57.7812
118.791 57.3949
118.213 57.002
117.642 56.6026
117.079 56.2273
116.523 55.8454
115.975 55.4572
115.432 55.0927
114.896 54.7217
114.365 54.3739
113.841 54.0196
113.323 53.6591
112.809 53.3213
112.301 52.9771
111.767 52.8275
111.232 52.6986
110.694 52.5903
110.157 52.4738
109.623 52.3493
109.09 52.2168
108.554 52.1046
108.025 51.956
107.486 51.8559
106.955 51.7195
106.418 51.6032
105.884 51.4787
105.351 51.3462
104.811 51.2335
104.273 51.1126
103.737 50.9836
103.203 50.8466
102.661 50.729
102.12 50.6032
101.581 50.4693
101.033 50.3545
100.486 50.2315
99.9631 50.0462
99.5217 49.6652
99.1098 49.2255
98.7053 48.7815
98.2964 48.3593
97.8946 47.9326
97.4998 47.5015
97.1123 47.0661
96.7191 46.6518
96.3327 46.2332
95.9399 45.835
95.5535 45.4322
95.1736 45.025
94.8003 44.6136
94.4336 44.1979
94.0591 43.8019
93.6764 43.425
93.3142 43.0203
92.9435 42.6345
92.4724 42.4043
91.9886 42.19
91.4916 41.9914
90.9966 41.7855
90.5038 41.5724
90.0132 41.3522
89.5249 41.125
89.0391 40.8907
88.5384 40.6713
88.0573 40.4231
87.5611 40.1896
87.0671 39.949
86.5754 39.7014
86.0675 39.4679
85.5615 39.2273
85.0575 38.9796
84.5556 38.7248
84.0361 38.4835
83.5183 38.235
83.0022 37.9793
82.4878 37.7165
81.9546 37.4665
81.4226 37.2092
80.892 36.9446
80.3412 36.6922
79.8131 36.4131
79.2422 36.1651
78.694 35.8905
78.1468 35.6085
77.5774 35.3379
77.0084 35.0598
76.4161 34.7925
75.8475 34.4992
75.255 34.2165
74.6621 33.9261
74.0689 33.628
73.45 33.3398
72.83 33.0436
72.1827 32.7568
71.4807 32.4962
70.7751 32.2267
70.0384 31.9653
69.3248 31.678
68.579 31.3985
67.7995 31.1264
67.043 30.8283
66.3106 30.5048
65.6036 30.1561
64.8621 29.8147
64.1464 29.4483
63.3949 29.0887
62.6379 28.7198
61.8425 28.3569
61.073 27.9692
60.2634 27.5869
59.4461 27.1947
58.6206 26.7924
57.7865 26.3799
56.9074 25.9714
56.0176 25.552
54.0961 25.5009
52.0203 25.4658
49.8144 25.4328
48.2478 25.139
48.8588 24.1073
50.0923 22.9003
49.1047 22.3973
47.8411 21.9571
46.5481 21.5013
45.2239 21.0295
43.8669 20.5412
42.4748 20.0357
41.2453 19.4657
39.9877 18.879
38.7004 18.2751
37.4355 17.6425
36.0847 17.0025
34.6985 16.3432
33.2746 15.6637
31.8106 14.9633
30.2413 14.2501
27.9039 13.6115
25.3807 12.9493
22.6472 12.2605
20.6783 11.4358
19.4196 10.5046
16.7238 8.58171
16.294 7.52255
15.8625 6.45587
