417.624 1.29762
417.494 10.6439
419.447 20.1342
419.196 29.5752
413.967 38.4234
408.929 47.0432
403.287 55.3159
395.559 62.8638
385.926 69.539
376.142 75.6689
366.373 81.2967
355.479 86.0145
344.124 89.965
330.685 92.3892
313.258 92.1435
265.468 93.4845
255.723 93.398
245.569 92.3847
236.826 91.7677
229.123 91.4179
221.273 90.4229
213.255 88.7057
205.885 87.0142
200.433 86.7793
193.565 84.5666
187.964 83.2747
183.272 82.6894
178.85 82.1187
174.607 81.471
170.294 80.3704
166.131 79.1235
162.049 77.606
158.326 76.3405
155.21 75.9498
152.194 75.5249
149.243 74.9932
146.228 73.9912
143.37 73.0728
140.719 72.4716
138.167 71.9263
135.704 71.4423
133.304 70.9546
130.967 70.4886
128.683 70.0358
126.414 69.2438
124.232 68.8332
122.078 68.2057
119.967 67.5494
117.896 66.9343
115.859 66.3249
113.848 65.758
111.865 65.1602
109.88 64.7116
107.903 64.2658
105.937 63.7865
103.965 63.3434
101.989 62.8997
100.005 62.4536
98.0351 61.9353
96.0277 61.4799
94.0022 61.0163
91.9552 60.5425
89.8833 60.0562
88.1015 58.9765
86.3808 57.8042
84.6678 56.6352
82.9593 55.4673
81.2307 54.3277
79.5201 53.1551
77.8499 51.9217
76.15 50.711
74.2646 49.6779
72.0641 48.9119
69.613 48.2938
67.1908 47.536
64.6523 46.7671
62.0117 45.9609
58.5778 45.6071
54.3676 45.5855
49.751 45.5636
45.9428 44.7803
41.8017 43.9736
37.3455 43.099
32.0357 42.3778
26.099 41.6201
18.5026 41.1716
10.9327 40.2531
