326.575 1.20658
327.401 3.37871
328.069 5.5652
328.085 7.74555
328.305 9.93648
328.978 12.1581
329.736 14.4019
330.459 16.6618
331.144 18.9372
331.792 21.2275
332.656 23.5589
333.101 25.8647
332.996 28.1154
332.849 30.3641
332.66 32.61
332.428 34.8522
332.283 37.1117
332.095 39.3686
331.994 41.6466
331.851 43.9231
331.922 46.2522
331.953 48.584
331.942 50.9177
331.89 53.2526
332.315 55.7216
332.573 58.1676
332.66 60.5851
332.182 62.8539
331.792 65.1535
331.361 67.4463
331.02 69.7744
330.768 72.1416
330.606 74.5519
330.536 77.0095
330.427 79.4694
330.011 81.8285
329.82 84.2873
329.589 86.7463
329.453 89.2613
329.008 91.6619
328.388 93.9968
327.727 96.3219
327.16 98.6999
326.553 101.07
326.042 103.499
325.355 105.854
324.629 108.198
323.456 110.313
321.169 111.814
318.861 113.272
316.664 114.762
314.443 116.211
312.202 117.619
310.065 119.062
308.03 120.544
305.971 121.987
303.888 123.39
301.903 124.836
294.137 124.964
263.724 115.098
260.913 115.292
258.12 115.444
255.346 115.557
252.672 115.699
249.241 115.118
245.72 114.374
242.267 113.603
238.881 112.807
235.695 112.116
226.023 107.182
223.171 106.512
220.366 105.817
216.621 104.044
212.166 101.378
206.646 97.3725
204.294 96.7538
202.069 96.2182
199.832 95.6075
197.715 95.0793
195.006 93.7606
186.234 86.5135
184.387 85.9519
182.603 85.4186
180.844 84.8676
179.175 84.3904
177.498 83.8507
175.905 83.3845
174.334 82.9018
171.818 80.9123
169.397 78.9537
167.919 78.4027
166.49 77.8809
165.082 77.3467
163.72 76.8418
162.378 76.3254
161.079 75.8388
159.82 75.382
158.58 74.9146
157.358 74.4375
156.174 73.991
155.027 73.5752
153.895 73.1508
152.78 72.7186
151.63 72.1629
150.5 71.6025
149.406 71.0763
148.331 70.5465
147.29 70.0514
146.31 69.6658
145.344 69.277
144.367 68.8118
143.407 68.3459
142.463 67.8801
141.547 67.4515
140.636 66.9882
139.752 66.5633
138.884 66.1415
138.03 65.7235
137.192 65.3102
136.377 64.9374
135.567 64.5359
134.772 64.1416
133.99 63.7554
133.229 63.4122
132.474 63.0443
131.732 62.6869
130.996 62.3073
130.278 61.9733
129.577 61.6851
128.906 61.542
128.237 61.3789
127.576 61.2294
126.92 61.0944
126.268 60.9418
125.621 60.8049
124.977 60.6518
124.339 60.5157
123.704 60.3646
122.446 60.0841
121.82 59.8588
121.197 59.5566
120.58 59.2106
119.971 58.79
119.371 58.3753
118.778 57.9854
118.194 57.5888
117.618 57.1858
117.048 56.807
116.486 56.4217
115.93 56.0602
115.384 55.662
114.84 55.3175
114.306 54.9366
113.776 54.5791
113.252 54.2151
112.733 53.8742
112.219 53.5268
111.708 53.2021
111.164 53.1011
110.627 52.9631
110.086 52.8458
109.548 52.7203
109.005 52.6154
108.471 52.4737
107.932 52.3525
107.388 52.2514
106.853 52.1139
106.313 51.9965
105.774 51.871
105.229 51.7654
104.693 51.6236
104.151 51.5017
103.602 51.3993
103.063 51.261
102.517 51.1422
101.971 51.0152
101.418 50.9075
100.875 50.7641
100.346 50.5852
99.8635 50.2898
99.3859 49.9878
98.9016 49.706
98.4931 49.2577
98.08 48.8315
97.6741 48.4007
97.2753 47.9655
96.8711 47.5516
96.4867 47.1076
96.0963 46.6849
95.6995 46.2828
95.3093 45.8761
94.9255 45.465
94.5485 45.0495
94.178 44.6297
93.7998 44.2298
93.4279 43.8255
93.0474 43.4404
92.673 43.0508
92.2586 42.7258
91.7557 42.5325
91.2706 42.3091
90.772 42.1014
90.2755 41.8865
89.7813 41.6643
89.2725 41.4573
88.7656 41.243
88.2608 41.0214
87.758 40.7926
87.2752 40.5349
86.7771 40.2919
86.2628 40.0633
85.7691 39.8062
85.2588 39.5633
84.7506 39.3132
84.2249 39.0768
83.7206 38.8124
83.1984 38.5615
82.6779 38.3034
82.1386 38.0583
81.6006 37.8058
81.0638 37.5459
80.5284 37.2788
79.9944 37.0043
79.4397 36.7421
78.8859 36.4724
78.3331 36.1953
77.7581 35.9299
77.1835 35.6567
76.6093 35.376
76.0353 35.0877
75.4375 34.8103
74.8393 34.525
74.2408 34.232
73.6419 33.9312
73.0171 33.6405
72.417 33.3242
71.7638 33.0351
71.0285 32.7897
70.2886 32.5352
69.5717 32.2545
68.7947 31.9989
68.0403 31.717
67.2517 31.4425
66.4567 31.1586
65.655 30.8651
64.816 30.5783
63.9687 30.2815
63.2078 29.9263
62.4413 29.5619
61.6688 29.1881
60.8902 28.8049
60.1051 28.4121
59.2789 28.0251
58.4445 27.6279
57.6015 27.2206
56.7493 26.803
55.8509 26.3895
54.9787 25.9506
53.5195 25.7153
51.4178 25.6826
49.1832 25.6526
47.683 25.3291
47.2112 24.6425
47.9473 22.7467
46.697 22.2893
45.3725 21.8294
44.0152 21.3533
42.6231 20.8604
41.194 20.3502
39.7256 19.822
38.2153 19.275
36.879 18.6621
35.5086 18.0309
34.1597 17.3696
32.7161 16.6997
31.2928 15.9988
29.7663 15.287
27.8649 14.6009
25.3363 13.9631
22.6703 13.2916
21.2316 12.4242
18.6279 10.5794
16.9044 9.65441
14.9472 8.71213
14.5013 7.6353
14.0535 6.55065
