589.391          -100
589.997          20
590.391          23.8438
591.81          40
592.334          43.0663
594.808          60
595.264          61.8944
598.957          80
599.072          80.3711
600          83.9204
628.072           88.7711
650           94.8775
666.032           93.5874
700           92.6976
710.806           95.6776
722.183           100
738.897           104.441
750           108.547
758.603           116.559
761.679           120
774.262           130.295
784.038           140
789.638           144.145
800           153.539
803.448           158.621
804.25           160
814.893           174.043
818.732           180
826.482           190.593
834.013           200
838.258           204.697
849.838           220
849.884           220.047
850           220.191
857.351           237.06
858.458           240
865.078           253.969
867.529           260
873.044           270.783
877.054           280
881.178           287.529
886.939           300
889.404           304.238
897.075           320
897.649           320.94
900           325.567
905.688           340
912.084           355.166
913.797           360
919.159           372.336
921.959           380
926.121           389.551
930.003           400
932.84           406.864
937.711           420
939.169           424.332
944.809           440
944.989           442.004
950           456.899
950.979           459.609
951.128           460
954.013           478.395
954.589           480
954.589           498.164
955.026           500
955.026           517.989
955.026           520
955.026           537.99
955.026           540
955.026           557.99
955.026           560
955.026           577.99
955.026           580
955.026           597.99
955.026           600
955.026           617.99
955.026           620
955.026           637.99
955.026           640
955.026           657.99
955.026           660
955.026           677.99
955.026           680
955.026           697.99
955.026           700
955.026           717.99
955.026           720
955.026           737.99
955.026           740
955.026           757.99
955.026           760
955.026           777.99
955.026           780
955.026           797.99
955.026           800
955.026           817.99
955.026           820
955.026           837.99
955.026           840
955.026           857.99
955.026            860
955.026            877.99
955.026            880
955.026            897.99
955.026            900
955.026            917.99
955.026            920
955.026            937.99
955.026            940
955.026            957.99
955.026            960
955.026            977.99
955.026            980
955.026            997.99
955.026            1000
955.026            1017.99
955.026            1020
955.026            1037.99
955.026            1040
955.026            1057.99
955.026            1060
955.026            1077.99
955.026            1080
955.026            1097.99
955.026            1100
955.026            1117.99
955.026            1120
955.026            1137.99
955.026            1140
955.026            1157.99
955.026            1160
955.026            1177.99
955.026            1180
955.026            1197.99
955.026            1200
955.026            1217.99
955.026            1220
955.026            1237.99
955.026            1240
955.026            1257.99
955.026            1260
955.026            1277.99
955.026            1280
955.026            1297.99
955.026            1300
955.026            1317.99
955.026            1320
955.026            1337.99
955.026            1340
955.026            1357.99
955.026            1360
955.026            1377.99
955.026            1380
955.026            1397.99
955.026            1400
955.026            1417.99
955.026            1420
955.026            1437.99
955.026            1440
955.026            1457.99
955.026            1460
955.026            1477.99
955.026            1480
955.026            1497.99
955.026            1500
955.026            1517.99
955.026            1520
955.026            1537.99
955.026            1540
955.026            1557.99
955.026            1560
955.026            1577.99
955.026            1580
955.026            1597.99
955.026            1600
955.026            1617.99
955.026            1620
955.026            1637.99
955.026            1640
955.026            1657.99
955.026            1660
955.026            1677.99
955.026            1680
955.026            1697.99
955.026            1700
955.026            1717.99
955.026            1720
955.026            1737.99
955.026            1740
955.026            1757.99
955.026            1760
955.026            1777.99
955.026            1780
955.026            1797.99
955.026            1800
955.026            1817.99
955.026            1820
955.026            1837.99
955.026            1840
955.026            1857.99
955.026            1860
955.026            1877.99
955.026            1880
955.026            1897.99
955.026            1900
955.026            1917.99
955.026            1920
955.026            1937.99
955.026            1940
955.026            1957.99
955.026            1960
955.026            1977.99
955.026            1980
955.026            100144
325            100144
325            -100
589.391            -100
589.391            -100
