398.861             -100
399.377             20
399.398             20.2406
400             28.011
403.09             20
403.216             18.7137
405.574             -100
623.915             -100
624.179             20
624.602             30.1592
624.97              40
625.651              49.7397
626.292              60
627.193              69.1228
628.149              80
629.218              88.313
630.546              100
631.713              107.315
633.488              120
634.666              126.134
636.977              140
638.06              144.776
641.011              160
641.868              163.253
645.578              180
646.056              181.578
650              197.404
650.753              199.699
650.834              200
657.102              217.159
657.942              220
663.762              234.495
679.704              240
684.767              246.093
693.826              260
677.511              271.004
681.484              280
684.323              286.271
700              292.116
712.564              280
713.785              274.486
703.078              260
703.468              258.613
709.409              240
710.433              235.827
725.201              220
726.821              209.272
728.447              200
730.027              187.989
731.261              180
732.75              166.9
733.681              160
735.045              145.982
735.74              140
736.955              125.218
732.602              120
733.882              106.447
734.611              100
735.692              85.7231
736.213              80
737.072              65.1711
737.433              60
738.056              44.7778
738.291              40
738.668              24.5329
738.801              20
738.927              -100
738.97              -100
850.742              -100
850.977              20
851.661              39.3357
851.682              40
852.797              58.8811
852.857              60
854.371              78.2514
854.503              80
856.373              97.4509
856.621              100
858.79              116.484
859.209              120
861.613              135.355
862.268              140
864.828              154.069
865.797              160
868.423              172.631
869.792              180
872.383              191.047
874.248              200
876.689              209.324
879.156              220
881.321              227.472
884.5              240
886.252              245.499
890.26              260
891.449              263.42
896.403              280
896.875              281.25
900              291.001
903.237              298.705
903.704              300
910.741               315.703
912.381               320
914.817               325.927
921.327               340
926.078               349.569
930.436               360
933.762               366.495
939.582               380
941.359               383.456
948.624               400
948.849               400.46
950               403.075
957.767               416.893
959.298               420
966.449               433.42
969.683               440
974.325               450.27
979.001               460
980.542               467.783
986.227               480
986.227               485.509
990.869               500
990.869               503.653
990.86               520
990.86               523.656
990.86               540
990.86               543.656
990.86               560
990.86               563.656
990.86               580
990.86               583.656
990.86               600
990.86               603.656
990.86               620
990.86               623.656
990.86               640
990.86               643.656
990.86               660
990.86               663.656
990.86               680
990.86               683.656
990.86               700
990.86               703.656
990.86               720
990.86               723.656
990.86               740
990.86               743.656
990.86               760
990.86               763.656
990.86               780
990.86               783.656
990.86               800
990.86               803.656
990.86               820
990.86               823.656
990.86               840
990.86               843.656
990.86               860
990.86               863.656
990.86               880
990.86               883.656
990.86               900
990.86               903.656
990.86               920
990.86               923.656
990.86               940
990.86               943.656
990.86               960
990.86               963.656
990.86               980
990.86               983.656
990.86               1000
990.86               1003.66
990.86               1020
990.86               1023.66
990.86               1040
990.86               1043.66
990.86               1060
990.86               1063.66
990.86               1080
990.86               1083.66
990.86               1100
990.86               1103.66
990.86               1120
990.86               1123.66
990.86               1140
990.86               1143.66
990.86               1160
990.86               1163.66
990.86               1180
990.86               1183.66
990.86               1200
990.86               1203.66
990.86               1220
990.86               1223.66
990.86               1240
990.86               1243.66
990.86               1260
990.86               1263.66
990.86               1280
990.86               1283.66
990.86               1300
990.86               1303.66
990.86               1320
990.86               1323.66
990.86               1340
990.86               1343.66
990.86               1360
990.86               1363.66
990.86               1380
990.86               1383.66
990.86               1400
990.86               1403.66
990.86               1420
990.86               1423.66
990.86               1440
990.86               1443.66
990.86               1460
990.86               1463.66
990.86               1480
990.86               1483.66
990.86               1500
990.86               1503.66
990.86               1520
990.86               1523.66
990.86               1540
990.86               1543.66
990.86               1560
990.86               1563.66
990.86               1580
990.86               1583.66
990.86               1600
990.86               1603.66
990.86               1620
990.86               1623.66
990.86               1640
990.86               1643.66
990.86               1660
990.86               1663.66
990.86               1680
990.86               1683.66
990.86               1700
990.86               1703.66
990.86               1720
990.86               1723.66
990.86               1740
990.86               1743.66
990.86               1760
990.86               1763.66
990.86               1780
990.86               1783.66
990.86               1800
990.86               1803.66
990.86               1820
990.86               1823.66
990.86               1840
990.86               1843.66
990.86               1860
990.86               1863.66
990.86               1880
990.86               1883.66
990.86               1900
990.86               1903.66
990.86               1920
990.86               1923.66
990.86               1940
990.86               1943.66
990.86               1960
990.86               1963.66
990.86               1980
990.86               100320
325               100320
325               -100
398.861               -100
398.861               -100

