595.589        -100
595.589        20
595.59         21.7638
595.599        40
595.604        41.7584
595.642        60
595.655        61.7379
595.758        80
595.787        81.6854
596.008        100
596.058        101.577
596.474        120
596.549        121.38
597.261        140
597.355        141.058
598.508        160
598.586        160.566
600            175.843
604.535        178.186
606.514        180
627.673        188.931
641.441        200
645.914        201.634
650            204.712
655.546        217.782
656.176        220
664.526        234.19
700            235.844
730.566        227.774
743.924        240
746.748        241.301
750            244.015
758.438        256.625
759.974        260
770.267        271.893
774.82         280
782.545        286.982
791.286        300
794.429        302.228
800            309.427
805.341        317.864
806.23         320
817.179        333.129
820.667        340
829.782        348.087
836.941        360
842.135        363.146
850            374.949
852.289        379.084
852.593        380
864.398        394.241
866.764        400
880.143        407.943
885.503        420
891.087        423.565
900            436.771
902.278        439.089
902.612        440
922.228        451.109
926.135        460
950            478.439
951.866         479.254
952.154         480
952.154         499.138
955.027         500
955.027         517.989
955.026         520
955.026         537.99
955.026         540
955.026         557.99
955.026         560
955.026         577.99
955.026         580
955.026         597.99
955.026         600
955.026         617.99
955.026         620
955.026         637.99
955.026         640
955.026         657.99
955.026         660
955.026         677.99
955.026         680
955.026         697.99
955.026         700
955.026         717.99
955.026         720
955.026         737.99
955.026         740
955.026         757.99
955.026         760
955.026         777.99
955.026         780
955.026         797.99
955.026         800
955.026         817.99
955.026         820
955.026         837.99
955.026         840
955.026         857.99
955.026          860
955.026          877.99
955.026          880
955.026          897.99
955.026          900
955.026          917.99
955.026          920
955.026          937.99
955.026          940
955.026          957.99
955.026          960
955.026          977.99
955.026          980
955.026          997.99
955.026          1000
955.026          1017.99
955.026          1020
955.026          1037.99
955.026          1040
955.026          1057.99
955.026          1060
955.026          1077.99
955.026          1080
955.026          1097.99
955.026          1100
955.026          1117.99
955.026          1120
955.026          1137.99
955.026          1140
955.026          1157.99
955.026          1160
955.026          1177.99
955.026          1180
955.026          1197.99
955.026          1200
955.026          1217.99
955.026          1220
955.026          1237.99
955.026          1240
955.026          1257.99
955.026          1260
955.026          1277.99
955.026          1280
955.026          1297.99
955.026          1300
955.026          1317.99
955.026          1320
955.026          1337.99
955.026          1340
955.026          1357.99
955.026          1360
955.026          1377.99
955.026          1380
955.026          1397.99
955.026          1400
955.026          1417.99
955.026          1420
955.026          1437.99
955.026          1440
955.026          1457.99
955.026          1460
955.026          1477.99
955.026          1480
955.026          1497.99
955.026          1500
955.026          1517.99
955.026          1520
955.026          1537.99
955.026          1540
955.026          1557.99
955.026          1560
955.026          1577.99
955.026          1580
955.026          1597.99
955.026          1600
955.026          1617.99
955.026          1620
955.026          1637.99
955.026          1640
955.026          1657.99
955.026          1660
955.026          1677.99
955.026          1680
955.026          1697.99
955.026          1700
955.026          1717.99
955.026          1720
955.026          1737.99
955.026          1740
955.026          1757.99
955.026          1760
955.026          1777.99
955.026          1780
955.026          1797.99
955.026          1800
955.026          1817.99
955.026          1820
955.026          1837.99
955.026          1840
955.026          1857.99
955.026          1860
955.026          1877.99
955.026          1880
955.026          1897.99
955.026          1900
955.026          1917.99
955.026          1920
955.026          1937.99
955.026          1940
955.026          1957.99
955.026          1960
955.026          1977.99
955.026          1980
955.026           100276
325              100276
325              -100
595.589          -100
595.589          -100
