367.684 1.24768
366.988 9.00668
370.608 17.0135
375.804 25.431
371.639 33.0349
367.488 40.4393
364.306 47.8418
360.928 55.0891
357.673 62.2571
352.542 68.7892
345.098 74.3629
337.702 79.5966
329.428 84.1316
315.415 85.7655
297.873 84.8876
289.157 87.3712
281.455 89.9372
270.963 90.4483
260.321 90.2121
250.606 89.9143
228.405 85.2247
216.839 81.2398
210.464 80.8789
204.595 80.5608
198.878 79.9967
178.533 71.8577
174.626 71.5266
159.243 62.9299
156.497 62.8081
153.874 62.7128
151.345 62.6168
148.755 62.2089
146.121 61.4674
143.097 59.4428
140.777 58.8205
138.563 58.2468
136.435 57.696
134.38 57.143
132.401 56.6295
130.485 56.1297
128.625 55.6507
126.813 55.1662
125.046 54.6819
123.321 54.2342
121.632 53.7937
119.974 53.362
118.364 52.2473
116.783 51.7442
114.092 47.5937
112.664 47.1835
111.239 46.8149
109.825 46.429
108.419 46.0253
107.005 45.6597
105.595 45.2739
104.188 44.867
102.761 44.4921
101.333 44.0926
99.8913 43.6934
98.4326 43.2918
96.9409 42.9106
95.4409 42.4959
93.933 42.046
92.5315 41.3918
91.116 40.7303
89.6845 40.0591
88.2349 39.3756
86.746 38.6988
85.2532 37.9823
83.7151 37.2667
82.1483 36.5281
80.5274 35.7837
78.8693 35.011
77.1695 34.2083
75.4224 33.3739
73.5958 32.5234
71.4938 31.7707
69.4095 30.9075
67.3131 29.9539
65.1681 28.9279
62.8679 27.8745
60.4812 26.7469
57.952 25.5579
54.8456 24.4489
52.0177 23.0813
48.4343 21.7848
44.5451 20.3671
40.9144 18.6719
36.9752 16.8327
32.6514 14.8302
28.7508 12.5238
25.0027 9.97702
19.3281 7.33172
