1.17988 1.23623e-41
1.75066 1.66907e-41
2.33049 1.97784e-41
2.92523 2.19404e-41
3.54694 2.33402e-41
4.21417 2.40408e-41
4.94505 2.41169e-41
5.57971 2.49286e-41
6.20708 2.56597e-41
6.8364 2.627e-41
7.47361 2.67498e-41
8.11256 2.71583e-41
8.75408 2.75044e-41
9.39762 2.78017e-41
10.0403 2.80713e-41
10.6418 2.84896e-41
11.2398 2.8883e-41
11.8343 2.92549e-41
12.4247 2.96102e-41
13.0122 2.99476e-41
13.5959 3.02725e-41
14.1766 3.05833e-41
14.7536 3.08849e-41
15.3273 3.11767e-41
15.8978 3.14594e-41
16.4747 3.17056e-41
17.0551 3.19265e-41
17.6331 3.21418e-41
18.2092 3.23503e-41
18.7835 3.25525e-41
19.3553 3.2751e-41
19.9255 3.29437e-41
20.4931 3.31336e-41
21.0591 3.3319e-41
21.6235 3.34996e-41
22.1855 3.36783e-41
22.746 3.38531e-41
23.304 3.40262e-41
23.8605 3.4196e-41
24.4147 3.43643e-41
24.9674 3.45297e-41
25.5548 3.4617e-41
26.1436 3.4699e-41
26.7318 3.47793e-41
27.3216 3.48546e-41
27.9097 3.49309e-41
28.4984 3.50043e-41
29.0866 3.50768e-41
29.6753 3.51465e-41
30.2648 3.52137e-41
30.8536 3.52805e-41
31.4419 3.53467e-41
32.0309 3.54103e-41
32.6194 3.54741e-41
33.2073 3.55375e-41
33.7973 3.55965e-41
34.3854 3.56575e-41
34.9743 3.57167e-41
35.564 3.57735e-41
36.1532 3.58306e-41
36.7418 3.58877e-41
37.3314 3.59428e-41
37.9203 3.59983e-41
38.5521 3.59922e-41
39.1846 3.59863e-41
39.8194 3.59789e-41
40.4565 3.59695e-41
41.0942 3.59605e-41
41.7343 3.595e-41
42.3751 3.59399e-41
43.0182 3.59284e-41
43.662 3.59174e-41
44.31 3.59029e-41
44.9568 3.58911e-41
45.6079 3.58755e-41
46.2597 3.58609e-41
46.9122 3.58469e-41
47.569 3.58296e-41
48.2265 3.58129e-41
48.8847 3.5797e-41
49.5454 3.57801e-41
50.1676 3.58069e-41
50.6962 3.59358e-41
51.2224 3.60659e-41
51.7482 3.61948e-41
52.2738 3.63227e-41
52.797 3.64518e-41
53.3199 3.65797e-41
53.8405 3.6709e-41
54.3609 3.68371e-41
54.8789 3.69664e-41
55.3968 3.70945e-41
55.9146 3.72217e-41
56.4301 3.73501e-41
56.9455 3.74772e-41
57.4587 3.76056e-41
57.9718 3.7733e-41
58.4827 3.78617e-41
58.9936 3.79895e-41
59.5045 3.8116e-41
60.0133 3.82438e-41
60.5198 3.83732e-41
61.024 3.85035e-41
61.5283 3.86326e-41
62.0328 3.87611e-41
62.5351 3.88906e-41
63.0376 3.90191e-41
63.5379 3.9149e-41
64.0384 3.9278e-41
64.5367 3.94082e-41
65.0327 3.95399e-41
65.5317 3.9668e-41
66.0258 3.98e-41
66.5255 3.99262e-41
67.0682 4.00141e-41
67.6146 4.00985e-41
68.1596 4.01842e-41
68.703 4.02714e-41
69.2477 4.03573e-41
69.7936 4.04423e-41
70.2689 4.05871e-41
70.7 4.07683e-41
71.128 4.09514e-41
71.5587 4.11312e-41
71.9835 4.13151e-41
72.411 4.1496e-41
72.8356 4.16786e-41
73.2572 4.1863e-41
73.6786 4.20466e-41
74.1001 4.22294e-41
74.5186 4.24137e-41
74.9371 4.25975e-41
75.3527 4.27829e-41
75.7683 4.29678e-41
76.181 4.31543e-41
76.5938 4.33403e-41
77.0067 4.35253e-41
77.4167 4.3712e-41
77.8269 4.3898e-41
78.2684 4.40589e-41
78.7229 4.42085e-41
79.1751 4.43601e-41
79.628 4.45107e-41
80.0753 4.46653e-41
80.4852 4.48491e-41
80.8955 4.50322e-41
81.3062 4.52146e-41
81.7303 4.53862e-41
82.1908 4.55294e-41
82.6523 4.56716e-41
83.1115 4.58154e-41
83.5684 4.59613e-41
84.0264 4.61061e-41
84.4854 4.62497e-41
84.9422 4.63955e-41
85.4 4.65402e-41
85.8555 4.6687e-41
86.3121 4.68326e-41
86.7664 4.69804e-41
87.2219 4.71271e-41
87.675 4.72754e-41
88.1292 4.74231e-41
88.5846 4.75701e-41
89.0376 4.77192e-41
89.4918 4.78672e-41
89.9437 4.80169e-41
90.2808 4.82502e-41
90.6005 4.84958e-41
90.9204 4.87412e-41
91.2369 4.89885e-41
91.5537 4.92356e-41
91.8708 4.94821e-41
92.1845 4.97309e-41
92.4985 4.99795e-41
92.8092 5.023e-41
93.1203 5.04803e-41
93.428 5.07329e-41
93.7324 5.0988e-41
94.0372 5.12424e-41
94.3424 5.14965e-41
94.6444 5.17526e-41
94.9467 5.20088e-41
95.2495 5.22643e-41
95.549 5.25222e-41
95.849 5.27798e-41
96.1457 5.30394e-41
96.443 5.32991e-41
96.7407 5.35585e-41
97.0353 5.38199e-41
97.3304 5.40808e-41
97.6222 5.43443e-41
97.9146 5.46074e-41
98.2076 5.48706e-41
98.4974 5.51358e-41
98.7878 5.54006e-41
99.075 5.56679e-41
99.3629 5.59348e-41
99.6513 5.62018e-41
99.9366 5.64707e-41
100.23 5.67341e-41
100.529 5.69944e-41
100.824 5.72571e-41
101.116 5.75218e-41
101.413 5.77844e-41
101.706 5.80489e-41
101.997 5.8316e-41
102.288 5.85824e-41
102.58 5.88493e-41
102.869 5.91182e-41
103.158 5.93869e-41
103.449 5.96555e-41
103.736 5.99266e-41
104.024 6.01977e-41
104.309 6.04713e-41
104.595 6.07447e-41
104.881 6.10175e-41
105.165 6.12934e-41
105.449 6.15691e-41
105.746 6.18361e-41
106.06 6.20919e-41
106.376 6.23473e-41
106.688 6.26057e-41
107.005 6.28608e-41
107.319 6.31188e-41
107.63 6.33793e-41
107.941 6.364e-41
108.254 6.39008e-41
108.568 6.41611e-41
108.878 6.44244e-41
109.19 6.46879e-41
109.498 6.49539e-41
109.807 6.52207e-41
110.067 6.55206e-41
110.242 6.58801e-41
110.413 6.62432e-41
110.588 6.66032e-41
110.76 6.69663e-41
110.933 6.73299e-41
111.102 6.76966e-41
111.272 6.80638e-41
111.442 6.84308e-41
111.609 6.8801e-41
111.781 6.91691e-41
111.949 6.95402e-41
112.113 6.99138e-41
112.283 7.02859e-41
112.448 7.06604e-41
112.611 7.10387e-41
112.778 7.14141e-41
112.941 7.17926e-41
113.105 7.21722e-41
113.27 7.25515e-41
113.431 7.29347e-41
113.593 7.33182e-41
113.755 7.37014e-41
113.919 7.40857e-41
114.078 7.44731e-41
114.238 7.48616e-41
114.399 7.52504e-41
114.556 7.56417e-41
114.714 7.60349e-41
114.872 7.64275e-41
115.031 7.68212e-41
115.187 7.72189e-41
115.343 7.7616e-41
115.499 7.80142e-41
115.656 7.84134e-41
115.81 7.88159e-41
115.968 7.92163e-41
116.119 7.96231e-41
116.274 8.00278e-41
116.43 8.04334e-41
116.582 8.08424e-41
116.726 8.1258e-41
116.74 8.17639e-41
116.759 8.22689e-41
116.774 8.2777e-41
116.79 8.32856e-41
116.811 8.37932e-41
116.824 8.4307e-41
116.842 8.48189e-41
116.86 8.53312e-41
116.875 8.58482e-41
116.894 8.6363e-41
116.91 8.68808e-41
116.926 8.74007e-41
116.943 8.79209e-41
116.956 8.84449e-41
116.974 8.89675e-41
116.989 8.94929e-41
117.004 9.00204e-41
117.02 9.05481e-41
117.036 9.10778e-41
117.052 9.16075e-41
117.07 9.21393e-41
117.083 9.26739e-41
117.097 9.32104e-41
117.116 9.37442e-41
117.131 9.42826e-41
117.147 9.4822e-41
117.159 9.53662e-41
117.575 1.06434e-40
118.656 1.1772e-40
119.683 1.29862e-40
119.543 1.43718e-40
117.245 1.59903e-40
116.984 1.75959e-40
114.699 1.94269e-40
113.092 2.13514e-40
112.779 2.34027e-40
112.398 2.56736e-40
110.566 2.6879e-40
110.251 2.81578e-40
109.577 2.94957e-40
107.766 3.08369e-40
106.281 3.22396e-40
105.781 3.37901e-40
105.283 3.54392e-40
103.838 3.70603e-40
101.626 3.86188e-40
101.321 4.0596e-40
101.015 4.27331e-40
100.707 4.50529e-40
100.39 4.75789e-40
100.066 5.03447e-40
99.2767 5.31812e-40
96.9192 5.54793e-40
94.5926 5.78646e-40
92.8199 6.06893e-40
92.4678 6.47551e-40
92.1151 6.93414e-40
91.7205 7.4513e-40
91.3271 8.04397e-40
89.962 8.5931e-40
87.3416 9.01113e-40
84.7277 9.45451e-40
83.3353 1.13477e-39
82.9974 1.26976e-39
79.3992 1.51717e-39
75.9753 1.59427e-39
73.867 2.11133e-39
69.1427 2.69464e-39
64.8743 2.8235e-39
64.0255 3.62003e-39
62.3263 4.63216e-39
57.6885 4.96312e-39
30.3591 9.56309e-38
17.4928 9.35137e-37
9.69163 5.91865e-36
