1.16024 4.13849e-40
1.6707 5.4685e-40
2.19885 6.40234e-40
2.758 7.00915e-40
3.35449 7.37329e-40
3.97076 7.62298e-40
4.61798 7.75486e-40
5.25257 7.90357e-40
5.83675 8.14153e-40
6.42162 8.34364e-40
7.00767 8.51608e-40
7.59417 8.66591e-40
8.18443 8.79175e-40
8.77652 8.90066e-40
9.36983 8.99623e-40
9.96435 9.08061e-40
10.513 9.21819e-40
11.054 9.35338e-40
11.5905 9.48287e-40
12.123 9.6068e-40
12.6508 9.727e-40
13.1747 9.84276e-40
13.6944 9.95507e-40
14.21 1.00645e-39
14.7215 1.01711e-39
15.229 1.02753e-39
15.7325 1.03773e-39
16.2328 1.04766e-39
16.7286 1.05748e-39
17.2205 1.06715e-39
17.7088 1.07665e-39
18.1942 1.08595e-39
18.6752 1.09518e-39
19.1527 1.10431e-39
19.6267 1.11331e-39
20.0973 1.12222e-39
20.5646 1.13103e-39
21.0369 1.1391e-39
21.5551 1.14336e-39
22.0721 1.14755e-39
22.5888 1.15161e-39
23.1044 1.15562e-39
23.6198 1.15949e-39
24.134 1.16333e-39
24.647 1.16713e-39
25.1723 1.17e-39
25.7245 1.17103e-39
26.2772 1.17203e-39
26.8315 1.17292e-39
27.3876 1.1737e-39
27.9429 1.17453e-39
28.5012 1.17519e-39
29.0588 1.17591e-39
29.6194 1.17646e-39
30.1792 1.17706e-39
30.7422 1.17751e-39
31.3043 1.17802e-39
31.8697 1.17838e-39
32.4371 1.17865e-39
33.005 1.17893e-39
33.5734 1.1792e-39
34.1439 1.1794e-39
34.7164 1.17953e-39
35.2894 1.17966e-39
35.8646 1.17972e-39
36.4403 1.17979e-39
37.0165 1.17987e-39
37.5949 1.17988e-39
38.1755 1.17983e-39
38.7566 1.1798e-39
39.34 1.1797e-39
39.9238 1.17962e-39
40.51 1.17949e-39
41.0967 1.17936e-39
41.6857 1.17918e-39
42.2753 1.17902e-39
42.8672 1.17881e-39
43.4596 1.17862e-39
44.0544 1.17837e-39
44.6498 1.17815e-39
45.2495 1.17781e-39
45.8478 1.17756e-39
46.4485 1.17726e-39
47.0518 1.17692e-39
47.6556 1.17659e-39
48.2619 1.17623e-39
48.8708 1.17582e-39
49.4803 1.17544e-39
50.0838 1.1753e-39
50.6428 1.17671e-39
51.2032 1.17807e-39
51.7632 1.17946e-39
52.3247 1.18081e-39
52.8878 1.1821e-39
53.4482 1.18351e-39
54.0124 1.18479e-39
54.5738 1.18617e-39
55.1391 1.18744e-39
55.7016 1.18881e-39
56.2681 1.19007e-39
56.8316 1.19143e-39
57.5694 1.18757e-39
58.4689 1.17909e-39
59.5904 1.16453e-39
60.4968 1.15652e-39
61.0216 1.15936e-39
61.5448 1.16223e-39
62.0689 1.16507e-39
62.5914 1.16793e-39
63.1148 1.17076e-39
63.8171 1.16878e-39
64.544 1.16623e-39
65.2724 1.16373e-39
66.0076 1.16115e-39
66.7468 1.15856e-39
67.4876 1.15603e-39
68.2352 1.15342e-39
68.987 1.1508e-39
69.743 1.14816e-39
70.3269 1.14976e-39
70.8239 1.15346e-39
71.3187 1.15719e-39
71.8141 1.16091e-39
72.3074 1.16466e-39
72.8013 1.16837e-39
73.293 1.17214e-39
73.7854 1.17587e-39
74.2756 1.17965e-39
74.7666 1.1834e-39
75.2553 1.18718e-39
75.7449 1.19094e-39
76.2323 1.19474e-39
76.7205 1.19852e-39
77.2396 1.20159e-39
78.0479 1.19819e-39
78.9004 1.19394e-39
79.7395 1.19009e-39
80.3831 1.19059e-39
80.9363 1.19303e-39
81.4911 1.19547e-39
82.0475 1.19787e-39
82.6024 1.20032e-39
83.3142 1.19949e-39
84.1789 1.19556e-39
85.0485 1.19163e-39
85.9262 1.18768e-39
86.812 1.18367e-39
87.7027 1.17969e-39
88.6015 1.17567e-39
89.5085 1.17162e-39
90.2325 1.17117e-39
90.7308 1.17504e-39
91.2334 1.17884e-39
91.7336 1.18268e-39
92.2315 1.18656e-39
92.7304 1.19043e-39
93.2269 1.19434e-39
93.7244 1.19823e-39
94.223 1.20211e-39
94.7191 1.20604e-39
95.2164 1.20994e-39
95.7112 1.2139e-39
96.2071 1.21783e-39
96.7041 1.22175e-39
97.1987 1.22573e-39
97.7473 1.22873e-39
98.3364 1.231e-39
98.9308 1.2332e-39
99.5201 1.23552e-39
100.122 1.23762e-39
100.762 1.23909e-39
101.4 1.24061e-39
102.041 1.24211e-39
102.684 1.24361e-39
103.329 1.2451e-39
103.972 1.24664e-39
104.618 1.24818e-39
105.266 1.2497e-39
105.917 1.25122e-39
106.569 1.25273e-39
107.224 1.25423e-39
107.91 1.25524e-39
108.716 1.25433e-39
109.532 1.2533e-39
110.287 1.25333e-39
110.965 1.25465e-39
111.641 1.25603e-39
112.32 1.2574e-39
113.005 1.25872e-39
113.719 1.2596e-39
114.474 1.2599e-39
115.227 1.26026e-39
115.983 1.26062e-39
116.746 1.26094e-39
117.511 1.26127e-39
118.278 1.26161e-39
119.048 1.26195e-39
119.82 1.26231e-39
120.599 1.26263e-39
121.376 1.26301e-39
122.159 1.26335e-39
122.949 1.26365e-39
123.737 1.26402e-39
124.532 1.26435e-39
125.229 1.26613e-39
125.789 1.26992e-39
126.345 1.27377e-39
126.907 1.27757e-39
127.466 1.28143e-39
128.026 1.2853e-39
128.587 1.28917e-39
129.145 1.2931e-39
129.709 1.29698e-39
130.27 1.30093e-39
130.831 1.30489e-39
131.394 1.30885e-39
131.954 1.31288e-39
132.519 1.31686e-39
133.081 1.32091e-39
133.673 1.32457e-39
134.34 1.32722e-39
135.004 1.32994e-39
135.599 1.33364e-39
136.196 1.33736e-39
136.793 1.34108e-39
137.392 1.34482e-39
137.987 1.34863e-39
138.588 1.35241e-39
139.19 1.35619e-39
139.788 1.36006e-39
140.392 1.36388e-39
140.992 1.36779e-39
141.597 1.37164e-39
142.204 1.37552e-39
142.807 1.37948e-39
143.415 1.3834e-39
144.02 1.3874e-39
144.63 1.39136e-39
145.24 1.39535e-39
145.851 1.39937e-39
146.464 1.40342e-39
147.076 1.40747e-39
147.69 1.41157e-39
148.304 1.41568e-39
148.919 1.41983e-39
149.551 1.42378e-39
150.206 1.4275e-39
150.814 1.43184e-39
151.849 1.4308e-39
153.317 1.42441e-39
154.957 1.41608e-39
156.368 1.41078e-39
157.803 1.40537e-39
159.251 1.39996e-39
160.718 1.39449e-39
162.199 1.38904e-39
163.703 1.38348e-39
165.225 1.37789e-39
166.769 1.37224e-39
168.332 1.36654e-39
169.912 1.36084e-39
171.515 1.35505e-39
173.14 1.34923e-39
174.782 1.34339e-39
175.258 1.3501e-39
175.557 1.35875e-39
175.855 1.36745e-39
176.152 1.3762e-39
176.449 1.38499e-39
176.745 1.39383e-39
177.041 1.40274e-39
177.335 1.41168e-39
177.63 1.42069e-39
177.919 1.42978e-39
178.211 1.43889e-39
178.503 1.44805e-39
178.795 1.45727e-39
178.921 1.46833e-39
178.577 1.48462e-39
177.666 1.50728e-39
176.195 1.53654e-39
176.241 1.54883e-39
176.283 1.56125e-39
176.328 1.57368e-39
176.369 1.58624e-39
176.413 1.59883e-39
176.456 1.61147e-39
176.495 1.62426e-39
176.538 1.63705e-39
176.58 1.64992e-39
176.621 1.66286e-39
176.662 1.67588e-39
176.707 1.68891e-39
176.747 1.70208e-39
176.786 1.71531e-39
176.829 1.72859e-39
176.867 1.74196e-39
176.91 1.75538e-39
176.951 1.76887e-39
176.988 1.7825e-39
177.029 1.79615e-39
177.069 1.80986e-39
177.109 1.82366e-39
177.149 1.83755e-39
177.187 1.85151e-39
177.226 1.86554e-39
177.264 1.87967e-39
177.306 1.89382e-39
177.343 1.90811e-39
177.383 1.92242e-39
177.42 1.93686e-39
177.46 1.95135e-39
177.495 1.96596e-39
177.534 1.9806e-39
177.573 1.99535e-39
177.611 2.01017e-39
177.649 2.02508e-39
177.686 2.04006e-39
177.723 2.05514e-39
177.759 2.0703e-39
177.795 2.08557e-39
177.835 2.10087e-39
177.87 2.11629e-39
177.905 2.13183e-39
177.943 2.14738e-39
177.981 2.16304e-39
178.015 2.17884e-39
178.052 2.19468e-39
178.089 2.21062e-39
178.125 2.22665e-39
178.161 2.24277e-39
178.197 2.25899e-39
178.232 2.27531e-39
178.267 2.29173e-39
178.301 2.30826e-39
178.335 2.32486e-39
178.372 2.34152e-39
178.406 2.35833e-39
178.442 2.3752e-39
178.266 2.39498e-39
178.073 2.41505e-39
177.877 2.43532e-39
177.685 2.4556e-39
177.494 2.47601e-39
177.303 2.49652e-39
177.113 2.51715e-39
176.923 2.53787e-39
176.729 2.55876e-39
176.536 2.57975e-39
176.343 2.60085e-39
176.151 2.62206e-39
175.96 2.64338e-39
175.773 2.66475e-39
175.583 2.68628e-39
175.397 2.70786e-39
175.212 2.72958e-39
175.024 2.75142e-39
174.84 2.77332e-39
174.657 2.79534e-39
174.475 2.81746e-39
174.294 2.83972e-39
174.113 2.86204e-39
173.933 2.88449e-39
173.754 2.90705e-39
173.592 2.92951e-39
163.231 3.28596e-39
162.953 3.31147e-39
163.028 3.33193e-39
163.103 3.35254e-39
163.178 3.37324e-39
163.25 3.39409e-39
163.326 3.41504e-39
163.399 3.43614e-39
163.472 3.45737e-39
163.545 3.47877e-39
163.619 3.50025e-39
163.69 3.5219e-39
163.765 3.54364e-39
163.837 3.56554e-39
163.909 3.58758e-39
163.983 3.60974e-39
164.057 3.63204e-39
164.128 3.65455e-39
164.199 3.67715e-39
164.272 3.69989e-39
164.346 3.72276e-39
164.417 3.7458e-39
164.488 3.76903e-39
164.561 3.79235e-39
164.632 3.81585e-39
164.707 3.83944e-39
164.776 3.86326e-39
164.832 3.88744e-39
164.836 3.91251e-39
164.842 3.93769e-39
164.846 3.96302e-39
164.849 3.98856e-39
164.853 4.01422e-39
164.859 4.04003e-39
164.864 4.06601e-39
164.868 4.09215e-39
164.874 4.11845e-39
164.875 4.14496e-39
164.882 4.17159e-39
164.885 4.19838e-39
164.89 4.22535e-39
164.894 4.25252e-39
164.898 4.27982e-39
164.904 4.30729e-39
164.907 4.33498e-39
164.913 4.36284e-39
164.918 4.39082e-39
164.92 4.41908e-39
164.925 4.44746e-39
164.93 4.47602e-39
164.898 4.50527e-39
164.607 4.53789e-39
164.318 4.57064e-39
164.031 4.60353e-39
163.742 4.63661e-39
162.891 4.73645e-39
162.051 4.83754e-39
161.211 4.93998e-39
160.395 5.04351e-39
160.097 5.07861e-39
159.278 5.18401e-39
158.225 5.32633e-39
157.927 5.36259e-39
156.618 5.54468e-39
156.35 5.58164e-39
154.31 5.88203e-39
149.963 5.95298e-39
149.881 5.98938e-39
149.646 6.02712e-39
149.485 6.06451e-39
149.327 6.10204e-39
149.168 6.13977e-39
149.074 6.1772e-39
148.87 6.21566e-39
148.693 6.25403e-39
148.538 6.29254e-39
148.38 6.33119e-39
148.226 6.37006e-39
148.069 6.40914e-39
147.915 6.44836e-39
147.759 6.48787e-39
147.607 6.52744e-39
147.453 6.56731e-39
147.299 6.6074e-39
147.146 6.64771e-39
146.991 6.68815e-39
146.84 6.72891e-39
146.7 6.76971e-39
146.596 6.81067e-39
146.385 6.85224e-39
146.232 6.89379e-39
146.084 6.93548e-39
145.952 6.9775e-39
145.782 7.01972e-39
145.634 7.06218e-39
145.485 7.10478e-39
145.334 7.14769e-39
145.187 7.19084e-39
145.054 7.23413e-39
144.891 7.27773e-39
144.742 7.32157e-39
144.595 7.36564e-39
144.448 7.40994e-39
144.302 7.45448e-39
144.155 7.49926e-39
144.009 7.54427e-39
143.863 7.58952e-39
143.717 7.6351e-39
143.636 7.68098e-39
143.427 7.72689e-39
143.283 7.7732e-39
143.199 7.82001e-39
142.994 7.86655e-39
142.85 7.91358e-39
142.706 7.96097e-39
142.342 8.00746e-39
141.347 8.24719e-39
141.172 8.29604e-39
141.008 8.34515e-39
140.845 8.39462e-39
140.685 8.44435e-39
140.534 8.49445e-39
139.396 8.85214e-39
139.237 8.90441e-39
138.919 9.00986e-39
138.76 9.06305e-39
138.602 9.1165e-39
138.443 9.17035e-39
138.285 9.22446e-39
138.128 9.27884e-39
137.93 9.3328e-39
137.721 9.38701e-39
137.512 9.44134e-39
137.304 9.49607e-39
137.097 9.55092e-39
136.89 9.60617e-39
136.683 9.66169e-39
136.477 9.71732e-39
136.271 9.7735e-39
136.066 9.82981e-39
135.861 9.88638e-39
135.657 9.94335e-39
135.453 1.00005e-38
135.249 1.0058e-38
135.046 1.01157e-38
134.975 1.01773e-38
134.829 1.02373e-38
134.732 1.02991e-38
134.636 1.03614e-38
134.558 1.04245e-38
134.443 1.0487e-38
132.881 1.06385e-38
131.467 1.09994e-38
131.091 1.11963e-38
130.05 1.17397e-38
129.922 1.18099e-38
129.737 1.18779e-38
129.353 1.19366e-38
128.97 1.19953e-38
128.589 1.20541e-38
128.21 1.2113e-38
127.832 1.21723e-38
127.456 1.22313e-38
127.082 1.22907e-38
126.709 1.23501e-38
126.337 1.24096e-38
125.968 1.24692e-38
125.599 1.25289e-38
125.232 1.25888e-38
125.147 1.26656e-38
124.767 1.28923e-38
124.698 1.29725e-38
124.629 1.30536e-38
124.559 1.31353e-38
124.504 1.32188e-38
124.456 1.33035e-38
124.407 1.3389e-38
123.297 1.47395e-38
121.544 1.49888e-38
120.652 1.54339e-38
120.496 1.55272e-38
119.227 1.61795e-38
119.068 1.6278e-38
115.33 1.84745e-38
115.136 1.85857e-38
113.709 1.95293e-38
112.82 2.0152e-38
112.434 2.05711e-38
111.887 2.13224e-38
109.206 2.44223e-38
108.53 2.48909e-38
106.435 2.63467e-38
105.73 2.68545e-38
104.105 2.81028e-38
101.804 3.17247e-38
101.063 3.39002e-38
100.08 3.70805e-38
98.1196 3.89172e-38
97.5195 3.94315e-38
95.4395 4.13296e-38
93.9479 4.27615e-38
89.9399 4.46529e-38
89.7755 4.51207e-38
89.6168 4.56034e-38
89.459 4.60965e-38
89.3002 4.65992e-38
89.141 4.71108e-38
87.3655 5.3442e-38
87.173 5.40441e-38
87.0041 5.4696e-38
85.9901 5.89321e-38
85.799 5.9653e-38
84.9253 6.36906e-38
84.7099 6.4467e-38
84.4351 6.51236e-38
84.1613 6.57963e-38
83.9011 6.65133e-38
82.8329 6.9459e-38
82.5757 7.02593e-38
79.8774 7.36722e-38
79.012 7.78956e-38
78.1283 8.25223e-38
77.1943 8.74835e-38
75.5485 9.75807e-38
74.8231 1.0249e-37
73.2584 1.13103e-37
71.185 1.26481e-37
70.2689 1.32946e-37
67.2615 1.60384e-37
64.9627 1.83986e-37
64.3017 1.91921e-37
61.8149 2.48361e-37
60.779 2.68629e-37
57.587 3.24827e-37
56.7205 3.39852e-37
53.4073 4.25394e-37
51.9216 5.49843e-37
48.0238 6.99651e-37
46.3526 7.47474e-37
43.0572 8.78248e-37
42.5785 9.19721e-37
42.1007 9.65214e-37
38.0657 1.45729e-36
37.5274 1.53631e-36
34.8022 2.06577e-36
34.2329 2.19388e-36
33.136 2.54514e-36
30.3447 3.96482e-36
26.0297 7.86929e-36
25.7059 1.15483e-35
19.2989 3.44826e-35
18.5855 4.24346e-35
17.8479 5.1485e-35
17.1009 6.31318e-35
15.5827 9.98344e-35
14.8515 1.47271e-34
12.4225 3.04293e-34
9.88963 6.0143e-34
6.48724 7.61093e-33
