325.369 1.20537
325.175 7.65122
326.183 14.1748
328.426 20.9061
328.847 27.5872
325.823 33.7996
317.209 38.8117
306.97 42.9755
299.678 47.3096
295.733 52.2287
291.458 56.8809
286.689 61.1795
280.656 64.7719
274.894 68.1886
267.97 70.785
260.925 72.9559
255.362 75.5638
250.389 78.2581
241.924 78.5156
232.781 77.7793
226.627 78.5992
208.699 74.495
203.248 74.5067
189.556 70.6601
185.13 70.4598
180.973 70.2618
177.06 70.0749
158.281 61.4118
155.635 61.3485
153.067 61.242
150.608 61.1691
147.985 60.5709
145.19 59.3118
142.788 58.661
140.506 58.0673
138.315 57.4819
136.211 56.9227
133.77 54.7608
131.288 51.633
129.518 51.0486
127.889 50.9879
126.284 50.956
124.692 50.9154
123.112 50.8824
121.541 50.8415
118.484 48.4868
117.015 48.0884
115.565 47.6789
114.131 47.285
112.708 46.9065
111.296 46.5168
110.163 44.9185
108.606 45.2975
107.094 45.356
103.853 38.2755
102.403 38.3608
100.904 38.4458
99.3757 38.4853
97.8062 38.4994
96.1801 38.5076
94.4926 38.5079
92.7236 38.5191
90.8647 38.5385
88.9241 38.543
86.949 38.4686
83.92 37.0619
82.3575 36.3317
80.7643 35.5749
79.1143 34.8085
77.4232 34.0116
73.871 32.3364
71.785 31.586
69.83 30.659
67.7665 29.7047
65.6395 28.6878
63.377 27.6351
60.992 26.5259
58.4661 25.3545
55.5186 24.2067
52.7032 22.8586
49.1699 21.5711
45.5824 20.1008
41.9918 18.4312
38.0948 16.6192
33.8872 14.6345
29.8771 12.3815
26.214 9.86255
24.5098 7.00582