361.528 1.21153
364.292 7.94677
366.51 14.8347
369.14 21.9293
370.781 29.1064
370.814 36.1886
371.091 43.3907
371.183 50.6563
371.092 57.9838
370.08 65.1563
369.03 72.3851
368.396 79.847
367.441 87.3123
365.712 94.5699
364.576 102.197
362.825 109.668
360.153 116.763
357.638 124.03
353.452 130.349
347.806 135.663
338.422 138.127
329.573 140.518
304.009 136.988
291.935 134.489
278.466 129.659
265.542 124.223
247.46 118.982
237.743 114.284
223.373 109.126
215.025 103.616
208.586 100.215
203.532 98.5266
199.011 97.3448
183.692 86.2499
173.84 83.2381
170.371 80.532
167.34 78.7821
164.592 77.7298
159.407 75.7916
156.944 74.8725
154.553 73.9776
152.229 73.1091
149.965 71.9922
147.768 70.9228
145.631 69.9177
143.528 69.1274
141.488 68.1323
139.49 67.1625
137.529 66.2175
133.703 64.3626
131.828 63.4516
125.825 61.9912
123.876 61.3074
120.095 59.6404
118.291 58.6313
116.591 57.4487
114.89 56.286
113.181 55.1407
111.483 53.9808
109.413 53.293
107.126 52.7959
104.789 52.2544
102.344 51.7221
96.5174 48.1294
94.9845 46.4924
93.4468 44.8481
86.9192 41.0164
84.3252 39.8249
81.6979 38.5352
78.9134 37.207
76.0303 35.7949
72.9891 34.3137
69.4897 32.8651
65.4496 31.4295
61.0758 29.8834
57.0373 27.9991
52.757 25.9595
46.4792 24.132
42.1487 21.567
35.3844 19.1475
28.8698 16.2974
21.2812 13.1636
