338.347 1.18835
339.415 7.1403
340.987 13.2038
342.975 19.4303
344.818 25.8013
344.626 32.0153
344.841 38.3578
345.117 44.8043
345.099 51.2842
344.305 57.6427
343.815 64.1672
343.03 70.6893
342.438 77.3876
341.313 83.9864
340.391 90.7911
339.433 97.724
337.578 104.327
335.196 110.732
331.439 116.353
327.8 122.044
321.804 126.033
313.148 127.757
304.963 129.401
280.903 124.114
264.634 115.806
257.943 116.118
251.411 116.198
243.631 114.346
235.275 111.097
227.363 107.637
221.389 106.201
214.38 102.6
207.22 97.9014
202.574 96.7807
198.162 95.6749
192.857 92.2279
180.102 84.7718
176.839 83.7701
170.062 79.3251
167.226 78.2732
159.346 75.3001
156.898 74.3862
154.523 73.4964
152.213 72.593
149.965 71.4828
147.784 70.4197
145.655 69.5351
143.582 68.5597
141.559 67.5718
139.578 66.6092
137.634 65.6713
133.84 63.831
131.971 62.9623
125.987 61.5836
124.036 60.9385
120.327 59.1856
118.624 58.0261
116.923 56.8876
115.238 55.7371
113.546 54.604
111.864 53.4564
109.747 52.8628
107.501 52.3431
105.183 51.8077
102.784 51.2538
98.5286 49.3117
97.0096 47.6957
95.4907 46.0738
93.9671 44.4448
89.9765 41.7752
87.467 40.6688
82.3324 38.1865
76.7264 35.4674
73.7205 33.9973
70.3091 32.5408
66.4209 31.0799
62.5305 29.4109
58.6447 27.5323
48.4499 23.6917
44.0539 21.2037
37.664 18.7865
31.7429 15.9345
22.5803 13.0409
