340.295 1.2203
340.506 8.14821
344.428 15.3406
351.104 23.0719
350.219 30.3079
346.265 37.0572
342.441 43.6496
339.139 50.1974
334.605 56.3117
329.438 62.0541
324.932 67.7904
260.113 78.1812
255.096 81.0469
246.478 81.4108
237.686 81.1185
229.902 80.9831
221.821 80.1094
204.285 75.4222
194.522 71.0878
189.771 70.8761
185.306 70.6471
181.14 70.4513
177.214 70.2612
158.344 61.5112
155.681 61.4253
153.115 61.3308
150.643 61.2362
147.717 59.9997
145.205 59.3462
142.8 58.6898
140.521 58.1073
138.333 57.5391
136.222 56.9603
133.841 55.0355
131.507 52.6198
129.526 51.087
127.898 51.0428
126.292 51.0201
124.696 50.9624
123.116 50.9358
121.542 50.8818
118.483 48.515
117.014 48.0965
114.129 47.2997
112.706 46.921
111.295 46.5258
110.175 44.8662
108.63 45.2064
107.095 45.3515
103.872 38.2324
102.437 38.288
100.936 38.3822
99.4276 38.391
97.8746 38.3839
96.2461 38.4037
94.5665 38.3994
92.8175 38.3899
90.9775 38.3931
89.0392 38.4039
87.0134 38.3956
85.4515 37.7713
83.9206 37.0613
82.3611 36.3283
80.7697 35.5702
79.1201 34.8037
77.429 34.0071
75.6667 33.1965
73.8742 32.3343
71.8099 31.5702
69.8479 30.6484
67.7979 29.6875
65.6438 28.6856
63.3654 27.6405
61.0026 26.5213
58.4663 25.3544
55.5744 24.1866
52.7133 22.8553
49.1834 21.5672
45.6698 20.0784
42.0806 18.4113
38.191 16.6008
33.9272 14.6282
29.9512 12.3722
26.2362 9.86045
24.873 6.98297
